1600
1 0.000025 0.000025 0.000376 0.000376 
2 0.000029 0.000048 0.000109 0.000262 
3 0.000031 0.000071 0.000070 0.000209 
4 0.000031 0.000095 0.000040 0.000169 
5 0.000031 0.000118 0.000025 0.000138 
6 0.000031 0.000143 0.000016 0.000114 
7 0.000031 0.000167 0.000011 0.000097 
8 0.000031 0.000191 0.000006 0.000084 
9 0.000031 0.000216 0.000003 0.000075 
10 0.000031 0.000240 -0.000000 0.000068 
11 0.000031 0.000265 -0.000003 0.000062 
12 0.000031 0.000290 -0.000005 0.000058 
13 0.000031 0.000315 -0.000007 0.000054 
14 0.000031 0.000339 -0.000009 0.000052 
15 0.000031 0.000364 -0.000010 0.000050 
16 0.000031 0.000389 -0.000011 0.000049 
17 0.000031 0.000414 -0.000012 0.000048 
18 0.000031 0.000439 -0.000013 0.000047 
19 0.000031 0.000464 -0.000014 0.000048 
20 0.000031 0.000488 -0.000014 0.000048 
21 0.000031 0.000513 -0.000014 0.000049 
22 0.000031 0.000538 -0.000014 0.000050 
23 0.000031 0.000563 -0.000014 0.000052 
24 0.000031 0.000588 -0.000013 0.000054 
25 0.000031 0.000613 -0.000012 0.000056 
26 0.000031 0.000638 -0.000011 0.000059 
27 0.000031 0.000663 -0.000010 0.000062 
28 0.000031 0.000688 -0.000009 0.000065 
29 0.000031 0.000712 -0.000007 0.000069 
30 0.000032 0.000737 -0.000005 0.000073 
31 0.000032 0.000762 -0.000003 0.000077 
32 0.000032 0.000787 -0.000001 0.000082 
33 0.000032 0.000812 0.000002 0.000087 
34 0.000032 0.000837 0.000006 0.000092 
35 0.000032 0.000861 0.000011 0.000096 
36 0.000033 0.000886 0.000018 0.000098 
37 0.000033 0.000910 0.000029 0.000097 
38 0.000034 0.000933 0.000051 0.000094 
39 0.000035 0.000956 0.000016 0.000137 
40 0.000044 0.000970 0.000322 -0.000029 
41 0.000048 0.000029 0.000261 0.000109 
42 0.000051 0.000051 0.000224 0.000226 
43 0.000054 0.000075 0.000179 0.000205 
44 0.000055 0.000098 0.000134 0.000194 
45 0.000055 0.000122 0.000101 0.000173 
46 0.000055 0.000146 0.000077 0.000153 
47 0.000055 0.000170 0.000059 0.000135 
48 0.000055 0.000194 0.000046 0.000121 
49 0.000055 0.000218 0.000035 0.000109 
50 0.000055 0.000242 0.000026 0.000099 
51 0.000055 0.000267 0.000018 0.000091 
52 0.000055 0.000291 0.000012 0.000084 
53 0.000055 0.000316 0.000006 0.000079 
54 0.000055 0.000341 0.000001 0.000075 
55 0.000055 0.000365 -0.000002 0.000072 
56 0.000055 0.000390 -0.000006 0.000070 
57 0.000055 0.000415 -0.000008 0.000069 
58 0.000055 0.000439 -0.000010 0.000068 
59 0.000055 0.000464 -0.000012 0.000067 
60 0.000055 0.000489 -0.000013 0.000068 
61 0.000055 0.000514 -0.000013 0.000068 
62 0.000055 0.000538 -0.000013 0.000069 
63 0.000055 0.000563 -0.000012 0.000071 
64 0.000055 0.000588 -0.000010 0.000073 
65 0.000055 0.000613 -0.000008 0.000075 
66 0.000055 0.000638 -0.000006 0.000078 
67 0.000056 0.000662 -0.000003 0.000081 
68 0.000056 0.000687 0.000001 0.000085 
69 0.000056 0.000712 0.000005 0.000088 
70 0.000056 0.000737 0.000009 0.000092 
71 0.000056 0.000762 0.000015 0.000096 
72 0.000056 0.000786 0.000021 0.000100 
73 0.000057 0.000811 0.000029 0.000104 
74 0.000057 0.000835 0.000039 0.000106 
75 0.000058 0.000859 0.000052 0.000108 
76 0.000059 0.000883 0.000069 0.000111 
77 0.000060 0.000906 0.000098 0.000112 
78 0.000063 0.000929 0.000120 0.000121 
79 0.000067 0.000950 0.000267 0.000069 
80 0.000076 0.000970 0.000480 0.000013 
81 0.000071 0.000031 0.000207 0.000071 
82 0.000075 0.000054 0.000201 0.000182 
83 0.000078 0.000078 0.000189 0.000194 
84 0.000079 0.000101 0.000157 0.000198 
85 0.000079 0.000125 0.000126 0.000191 
86 0.000079 0.000149 0.000099 0.000179 
87 0.000079 0.000172 0.000077 0.000166 
88 0.000079 0.000196 0.000059 0.000153 
89 0.000079 0.000220 0.000044 0.000141 
90 0.000079 0.000245 0.000031 0.000130 
91 0.000079 0.000269 0.000020 0.000121 
92 0.000079 0.000293 0.000011 0.000114 
93 0.000079 0.000317 0.000003 0.000107 
94 0.000079 0.000342 -0.000004 0.000102 
95 0.000079 0.000366 -0.000010 0.000098 
96 0.000079 0.000391 -0.000015 0.000095 
97 0.000079 0.000415 -0.000018 0.000093 
98 0.000079 0.000440 -0.000021 0.000091 
99 0.000079 0.000465 -0.000023 0.000090 
100 0.000079 0.000489 -0.000025 0.000090 
101 0.000079 0.000514 -0.000025 0.000090 
102 0.000079 0.000539 -0.000024 0.000091 
103 0.000079 0.000563 -0.000023 0.000092 
104 0.000079 0.000588 -0.000021 0.000094 
105 0.000080 0.000613 -0.000018 0.000096 
106 0.000080 0.000637 -0.000014 0.000099 
107 0.000080 0.000662 -0.000009 0.000102 
108 0.000080 0.000687 -0.000003 0.000105 
109 0.000080 0.000711 0.000004 0.000108 
110 0.000081 0.000736 0.000012 0.000112 
111 0.000081 0.000760 0.000021 0.000115 
112 0.000081 0.000785 0.000032 0.000117 
113 0.000082 0.000809 0.000046 0.000119 
114 0.000083 0.000833 0.000063 0.000119 
115 0.000084 0.000857 0.000085 0.000118 
116 0.000085 0.000880 0.000114 0.000113 
117 0.000088 0.000903 0.000155 0.000106 
118 0.000091 0.000926 0.000224 0.000079 
119 0.000097 0.000947 0.000402 0.000022 
120 0.000104 0.000969 0.000588 -0.000000 
121 0.000095 0.000031 0.000166 0.000041 
122 0.000098 0.000055 0.000188 0.000138 
123 0.000101 0.000079 0.000190 0.000164 
124 0.000102 0.000103 0.000167 0.000177 
125 0.000103 0.000127 0.000141 0.000181 
126 0.000103 0.000150 0.000114 0.000178 
127 0.000103 0.000174 0.000090 0.000172 
128 0.000103 0.000198 0.000069 0.000163 
129 0.000103 0.000222 0.000050 0.000154 
130 0.000103 0.000246 0.000034 0.000146 
131 0.000103 0.000270 0.000020 0.000138 
132 0.000103 0.000294 0.000008 0.000131 
133 0.000103 0.000319 -0.000002 0.000125 
134 0.000103 0.000343 -0.000011 0.000120 
135 0.000103 0.000367 -0.000019 0.000116 
136 0.000103 0.000392 -0.000025 0.000112 
137 0.000103 0.000416 -0.000030 0.000110 
138 0.000103 0.000441 -0.000034 0.000108 
139 0.000103 0.000465 -0.000037 0.000107 
140 0.000103 0.000490 -0.000038 0.000106 
141 0.000103 0.000514 -0.000039 0.000106 
142 0.000103 0.000539 -0.000038 0.000107 
143 0.000104 0.000563 -0.000036 0.000108 
144 0.000104 0.000588 -0.000033 0.000109 
145 0.000104 0.000612 -0.000029 0.000111 
146 0.000104 0.000637 -0.000024 0.000114 
147 0.000104 0.000662 -0.000017 0.000116 
148 0.000105 0.000686 -0.000009 0.000119 
149 0.000105 0.000711 0.000000 0.000121 
150 0.000105 0.000735 0.000011 0.000124 
151 0.000106 0.000759 0.000025 0.000125 
152 0.000107 0.000784 0.000041 0.000126 
153 0.000108 0.000808 0.000060 0.000125 
154 0.000109 0.000832 0.000084 0.000123 
155 0.000110 0.000855 0.000115 0.000118 
156 0.000112 0.000879 0.000156 0.000108 
157 0.000115 0.000902 0.000217 0.000091 
158 0.000119 0.000924 0.000317 0.000052 
159 0.000125 0.000946 0.000489 0.000006 
160 0.000131 0.000969 0.000653 -0.000002 
161 0.000118 0.000031 0.000133 0.000026 
162 0.000122 0.000055 0.000165 0.000106 
163 0.000125 0.000079 0.000180 0.000135 
164 0.000126 0.000103 0.000167 0.000153 
165 0.000127 0.000127 0.000148 0.000164 
166 0.000127 0.000151 0.000124 0.000168 
167 0.000128 0.000175 0.000100 0.000167 
168 0.000128 0.000199 0.000078 0.000163 
169 0.000127 0.000223 0.000058 0.000158 
170 0.000127 0.000247 0.000040 0.000153 
171 0.000127 0.000271 0.000024 0.000147 
172 0.000127 0.000295 0.000009 0.000141 
173 0.000127 0.000320 -0.000003 0.000136 
174 0.000127 0.000344 -0.000014 0.000132 
175 0.000127 0.000368 -0.000023 0.000128 
176 0.000127 0.000392 -0.000030 0.000125 
177 0.000127 0.000417 -0.000037 0.000122 
178 0.000127 0.000441 -0.000041 0.000120 
179 0.000127 0.000465 -0.000045 0.000119 
180 0.000127 0.000490 -0.000047 0.000118 
181 0.000128 0.000514 -0.000047 0.000118 
182 0.000128 0.000539 -0.000046 0.000119 
183 0.000128 0.000563 -0.000044 0.000120 
184 0.000128 0.000588 -0.000041 0.000121 
185 0.000128 0.000612 -0.000036 0.000123 
186 0.000129 0.000637 -0.000029 0.000124 
187 0.000129 0.000661 -0.000021 0.000126 
188 0.000129 0.000686 -0.000010 0.000128 
189 0.000130 0.000710 0.000002 0.000130 
190 0.000130 0.000734 0.000016 0.000131 
191 0.000131 0.000758 0.000033 0.000131 
192 0.000132 0.000783 0.000054 0.000130 
193 0.000133 0.000806 0.000079 0.000127 
194 0.000135 0.000830 0.000110 0.000122 
195 0.000136 0.000854 0.000149 0.000113 
196 0.000139 0.000877 0.000202 0.000098 
197 0.000142 0.000900 0.000280 0.000073 
198 0.000146 0.000923 0.000392 0.000035 
199 0.000152 0.000946 0.000553 -0.000001 
200 0.000157 0.000969 0.000698 -0.000002 
201 0.000142 0.000031 0.000108 0.000018 
202 0.000146 0.000055 0.000143 0.000082 
203 0.000149 0.000079 0.000165 0.000109 
204 0.000150 0.000103 0.000160 0.000128 
205 0.000151 0.000128 0.000147 0.000142 
206 0.000152 0.000152 0.000127 0.000151 
207 0.000152 0.000176 0.000106 0.000154 
208 0.000152 0.000200 0.000084 0.000155 
209 0.000152 0.000224 0.000063 0.000154 
210 0.000152 0.000248 0.000044 0.000151 
211 0.000152 0.000272 0.000027 0.000148 
212 0.000152 0.000296 0.000011 0.000144 
213 0.000152 0.000320 -0.000002 0.000141 
214 0.000151 0.000344 -0.000015 0.000137 
215 0.000151 0.000369 -0.000025 0.000134 
216 0.000151 0.000393 -0.000034 0.000132 
217 0.000152 0.000417 -0.000041 0.000130 
218 0.000152 0.000441 -0.000046 0.000128 
219 0.000152 0.000466 -0.000050 0.000127 
220 0.000152 0.000490 -0.000052 0.000127 
221 0.000152 0.000514 -0.000053 0.000126 
222 0.000152 0.000539 -0.000052 0.000127 
223 0.000152 0.000563 -0.000049 0.000127 
224 0.000152 0.000588 -0.000045 0.000128 
225 0.000153 0.000612 -0.000039 0.000130 
226 0.000153 0.000636 -0.000031 0.000131 
227 0.000153 0.000661 -0.000021 0.000133 
228 0.000154 0.000685 -0.000008 0.000134 
229 0.000155 0.000709 0.000006 0.000135 
230 0.000155 0.000733 0.000024 0.000135 
231 0.000156 0.000758 0.000045 0.000134 
232 0.000157 0.000782 0.000070 0.000131 
233 0.000159 0.000805 0.000100 0.000126 
234 0.000160 0.000829 0.000138 0.000118 
235 0.000162 0.000853 0.000186 0.000106 
236 0.000165 0.000876 0.000249 0.000087 
237 0.000169 0.000899 0.000337 0.000061 
238 0.000173 0.000922 0.000451 0.000026 
239 0.000178 0.000946 0.000601 -0.000003 
240 0.000183 0.000969 0.000733 -0.000000 
241 0.000167 0.000031 0.000088 0.000013 
242 0.000169 0.000055 0.000122 0.000065 
243 0.000172 0.000079 0.000148 0.000087 
244 0.000174 0.000103 0.000149 0.000105 
245 0.000175 0.000128 0.000141 0.000120 
246 0.000176 0.000152 0.000125 0.000131 
247 0.000176 0.000176 0.000106 0.000138 
248 0.000176 0.000200 0.000086 0.000142 
249 0.000176 0.000224 0.000066 0.000143 
250 0.000176 0.000249 0.000047 0.000144 
251 0.000176 0.000273 0.000029 0.000143 
252 0.000176 0.000297 0.000013 0.000141 
253 0.000176 0.000321 -0.000001 0.000140 
254 0.000176 0.000345 -0.000014 0.000138 
255 0.000176 0.000369 -0.000025 0.000136 
256 0.000176 0.000393 -0.000035 0.000134 
257 0.000176 0.000417 -0.000042 0.000133 
258 0.000176 0.000442 -0.000048 0.000132 
259 0.000176 0.000466 -0.000053 0.000131 
260 0.000176 0.000490 -0.000055 0.000131 
261 0.000176 0.000514 -0.000056 0.000131 
262 0.000176 0.000539 -0.000054 0.000131 
263 0.000177 0.000563 -0.000051 0.000132 
264 0.000177 0.000587 -0.000046 0.000133 
265 0.000177 0.000612 -0.000039 0.000134 
266 0.000178 0.000636 -0.000030 0.000135 
267 0.000178 0.000660 -0.000018 0.000136 
268 0.000179 0.000684 -0.000004 0.000137 
269 0.000179 0.000709 0.000013 0.000137 
270 0.000180 0.000733 0.000034 0.000136 
271 0.000181 0.000757 0.000059 0.000134 
272 0.000182 0.000781 0.000088 0.000130 
273 0.000184 0.000805 0.000124 0.000123 
274 0.000186 0.000828 0.000167 0.000113 
275 0.000188 0.000852 0.000223 0.000099 
276 0.000191 0.000875 0.000293 0.000079 
277 0.000195 0.000899 0.000385 0.000053 
278 0.000199 0.000922 0.000498 0.000022 
279 0.000204 0.000945 0.000638 -0.000003 
280 0.000208 0.000969 0.000760 0.000001 
281 0.000191 0.000031 0.000073 0.000008 
282 0.000194 0.000055 0.000105 0.000052 
283 0.000196 0.000079 0.000130 0.000069 
284 0.000198 0.000103 0.000136 0.000084 
285 0.000199 0.000128 0.000132 0.000099 
286 0.000200 0.000152 0.000120 0.000110 
287 0.000200 0.000176 0.000104 0.000119 
288 0.000200 0.000201 0.000086 0.000125 
289 0.000200 0.000225 0.000067 0.000130 
290 0.000200 0.000249 0.000049 0.000132 
291 0.000200 0.000273 0.000031 0.000134 
292 0.000200 0.000297 0.000015 0.000134 
293 0.000200 0.000321 -0.000000 0.000134 
294 0.000200 0.000345 -0.000013 0.000134 
295 0.000200 0.000369 -0.000025 0.000133 
296 0.000200 0.000394 -0.000035 0.000133 
297 0.000200 0.000418 -0.000043 0.000132 
298 0.000200 0.000442 -0.000049 0.000132 
299 0.000200 0.000466 -0.000053 0.000132 
300 0.000200 0.000490 -0.000056 0.000132 
301 0.000200 0.000514 -0.000056 0.000132 
302 0.000201 0.000539 -0.000055 0.000133 
303 0.000201 0.000563 -0.000051 0.000134 
304 0.000201 0.000587 -0.000045 0.000135 
305 0.000202 0.000611 -0.000037 0.000136 
306 0.000202 0.000636 -0.000027 0.000137 
307 0.000203 0.000660 -0.000013 0.000137 
308 0.000203 0.000684 0.000003 0.000138 
309 0.000204 0.000708 0.000022 0.000137 
310 0.000205 0.000732 0.000046 0.000136 
311 0.000206 0.000756 0.000074 0.000133 
312 0.000208 0.000780 0.000107 0.000128 
313 0.000209 0.000804 0.000147 0.000120 
314 0.000211 0.000828 0.000196 0.000109 
315 0.000214 0.000851 0.000257 0.000093 
316 0.000217 0.000875 0.000332 0.000073 
317 0.000221 0.000898 0.000426 0.000049 
318 0.000225 0.000922 0.000536 0.000021 
319 0.000229 0.000945 0.000668 -0.000001 
320 0.000234 0.000969 0.000781 0.000003 
321 0.000216 0.000031 0.000061 0.000005 
322 0.000218 0.000055 0.000089 0.000041 
323 0.000220 0.000079 0.000114 0.000054 
324 0.000222 0.000103 0.000121 0.000066 
325 0.000223 0.000128 0.000120 0.000079 
326 0.000223 0.000152 0.000112 0.000090 
327 0.000224 0.000176 0.000099 0.000100 
328 0.000224 0.000201 0.000083 0.000107 
329 0.000224 0.000225 0.000066 0.000113 
330 0.000224 0.000249 0.000048 0.000118 
331 0.000224 0.000273 0.000032 0.000121 
332 0.000224 0.000297 0.000016 0.000124 
333 0.000224 0.000321 0.000001 0.000125 
334 0.000224 0.000345 -0.000012 0.000127 
335 0.000224 0.000370 -0.000024 0.000127 
336 0.000224 0.000394 -0.000034 0.000128 
337 0.000224 0.000418 -0.000042 0.000129 
338 0.000224 0.000442 -0.000048 0.000129 
339 0.000224 0.000466 -0.000052 0.000130 
340 0.000224 0.000490 -0.000055 0.000130 
341 0.000225 0.000514 -0.000055 0.000131 
342 0.000225 0.000539 -0.000053 0.000132 
343 0.000225 0.000563 -0.000049 0.000133 
344 0.000226 0.000587 -0.000042 0.000134 
345 0.000226 0.000611 -0.000034 0.000135 
346 0.000226 0.000635 -0.000022 0.000136 
347 0.000227 0.000659 -0.000007 0.000137 
348 0.000228 0.000683 0.000011 0.000137 
349 0.000229 0.000708 0.000032 0.000136 
350 0.000230 0.000732 0.000058 0.000134 
351 0.000231 0.000756 0.000089 0.000131 
352 0.000233 0.000779 0.000126 0.000125 
353 0.000235 0.000803 0.000170 0.000116 
354 0.000237 0.000827 0.000224 0.000105 
355 0.000239 0.000851 0.000288 0.000089 
356 0.000243 0.000874 0.000366 0.000069 
357 0.000246 0.000898 0.000460 0.000047 
358 0.000250 0.000922 0.000566 0.000021 
359 0.000255 0.000945 0.000691 0.000001 
360 0.000259 0.000969 0.000797 0.000005 
361 0.000240 0.000031 0.000051 0.000002 
362 0.000242 0.000055 0.000075 0.000031 
363 0.000244 0.000079 0.000099 0.000041 
364 0.000246 0.000103 0.000107 0.000049 
365 0.000247 0.000128 0.000108 0.000060 
366 0.000247 0.000152 0.000102 0.000071 
367 0.000248 0.000176 0.000092 0.000081 
368 0.000248 0.000201 0.000078 0.000089 
369 0.000248 0.000225 0.000063 0.000096 
370 0.000248 0.000249 0.000047 0.000102 
371 0.000248 0.000273 0.000031 0.000107 
372 0.000248 0.000297 0.000016 0.000111 
373 0.000248 0.000321 0.000002 0.000114 
374 0.000248 0.000346 -0.000011 0.000117 
375 0.000248 0.000370 -0.000022 0.000119 
376 0.000248 0.000394 -0.000032 0.000121 
377 0.000248 0.000418 -0.000040 0.000122 
378 0.000248 0.000442 -0.000046 0.000123 
379 0.000249 0.000466 -0.000050 0.000125 
380 0.000249 0.000490 -0.000052 0.000126 
381 0.000249 0.000514 -0.000052 0.000127 
382 0.000249 0.000538 -0.000050 0.000128 
383 0.000249 0.000563 -0.000045 0.000130 
384 0.000250 0.000587 -0.000038 0.000131 
385 0.000250 0.000611 -0.000029 0.000132 
386 0.000251 0.000635 -0.000016 0.000133 
387 0.000252 0.000659 -0.000000 0.000134 
388 0.000252 0.000683 0.000019 0.000134 
389 0.000253 0.000707 0.000043 0.000133 
390 0.000255 0.000731 0.000071 0.000131 
391 0.000256 0.000755 0.000105 0.000128 
392 0.000258 0.000779 0.000145 0.000122 
393 0.000260 0.000803 0.000192 0.000113 
394 0.000262 0.000827 0.000248 0.000101 
395 0.000265 0.000850 0.000316 0.000086 
396 0.000268 0.000874 0.000395 0.000068 
397 0.000271 0.000898 0.000487 0.000047 
398 0.000276 0.000922 0.000590 0.000023 
399 0.000280 0.000945 0.000709 0.000004 
400 0.000284 0.000969 0.000811 0.000007 
401 0.000265 0.000031 0.000043 -0.000001 
402 0.000266 0.000055 0.000064 0.000024 
403 0.000268 0.000079 0.000084 0.000030 
404 0.000270 0.000103 0.000093 0.000035 
405 0.000271 0.000127 0.000096 0.000044 
406 0.000271 0.000152 0.000092 0.000053 
407 0.000272 0.000176 0.000083 0.000062 
408 0.000272 0.000200 0.000071 0.000071 
409 0.000272 0.000225 0.000058 0.000079 
410 0.000272 0.000249 0.000044 0.000086 
411 0.000273 0.000273 0.000029 0.000092 
412 0.000273 0.000297 0.000015 0.000097 
413 0.000272 0.000321 0.000002 0.000101 
414 0.000272 0.000346 -0.000010 0.000105 
415 0.000272 0.000370 -0.000021 0.000108 
416 0.000273 0.000394 -0.000030 0.000111 
417 0.000273 0.000418 -0.000038 0.000114 
418 0.000273 0.000442 -0.000044 0.000116 
419 0.000273 0.000466 -0.000047 0.000118 
420 0.000273 0.000490 -0.000049 0.000120 
421 0.000273 0.000514 -0.000049 0.000121 
422 0.000273 0.000538 -0.000046 0.000123 
423 0.000274 0.000562 -0.000041 0.000125 
424 0.000274 0.000586 -0.000033 0.000127 
425 0.000275 0.000611 -0.000023 0.000128 
426 0.000275 0.000635 -0.000009 0.000129 
427 0.000276 0.000659 0.000008 0.000130 
428 0.000277 0.000683 0.000028 0.000131 
429 0.000278 0.000707 0.000053 0.000130 
430 0.000279 0.000731 0.000084 0.000128 
431 0.000281 0.000755 0.000119 0.000124 
432 0.000283 0.000779 0.000161 0.000119 
433 0.000285 0.000803 0.000211 0.000110 
434 0.000287 0.000826 0.000270 0.000099 
435 0.000290 0.000850 0.000339 0.000084 
436 0.000293 0.000874 0.000418 0.000067 
437 0.000297 0.000898 0.000509 0.000048 
438 0.000301 0.000922 0.000610 0.000025 
439 0.000305 0.000945 0.000724 0.000006 
440 0.000309 0.000969 0.000821 0.000009 
441 0.000290 0.000031 0.000035 -0.000003 
442 0.000291 0.000055 0.000053 0.000017 
443 0.000293 0.000079 0.000072 0.000020 
444 0.000294 0.000103 0.000080 0.000022 
445 0.000295 0.000127 0.000083 0.000029 
446 0.000295 0.000152 0.000081 0.000037 
447 0.000296 0.000176 0.000074 0.000045 
448 0.000296 0.000200 0.000064 0.000054 
449 0.000296 0.000225 0.000052 0.000062 
450 0.000296 0.000249 0.000039 0.000069 
451 0.000297 0.000273 0.000026 0.000076 
452 0.000297 0.000297 0.000013 0.000082 
453 0.000297 0.000321 0.000001 0.000087 
454 0.000297 0.000345 -0.000010 0.000092 
455 0.000297 0.000370 -0.000020 0.000097 
456 0.000297 0.000394 -0.000029 0.000100 
457 0.000297 0.000418 -0.000036 0.000103 
458 0.000297 0.000442 -0.000041 0.000106 
459 0.000297 0.000466 -0.000044 0.000109 
460 0.000297 0.000490 -0.000046 0.000112 
461 0.000297 0.000514 -0.000045 0.000114 
462 0.000298 0.000538 -0.000042 0.000116 
463 0.000298 0.000562 -0.000036 0.000118 
464 0.000298 0.000586 -0.000028 0.000121 
465 0.000299 0.000610 -0.000017 0.000122 
466 0.000300 0.000634 -0.000003 0.000124 
467 0.000301 0.000658 0.000015 0.000125 
468 0.000302 0.000682 0.000037 0.000126 
469 0.000303 0.000706 0.000063 0.000126 
470 0.000304 0.000730 0.000095 0.000124 
471 0.000306 0.000754 0.000132 0.000121 
472 0.000307 0.000778 0.000176 0.000115 
473 0.000310 0.000802 0.000228 0.000108 
474 0.000312 0.000826 0.000288 0.000097 
475 0.000315 0.000850 0.000358 0.000084 
476 0.000318 0.000874 0.000437 0.000068 
477 0.000322 0.000898 0.000527 0.000049 
478 0.000326 0.000922 0.000625 0.000027 
479 0.000330 0.000945 0.000735 0.000009 
480 0.000334 0.000969 0.000830 0.000010 
481 0.000314 0.000031 0.000029 -0.000006 
482 0.000315 0.000055 0.000044 0.000011 
483 0.000317 0.000079 0.000060 0.000011 
484 0.000318 0.000103 0.000068 0.000011 
485 0.000319 0.000127 0.000071 0.000015 
486 0.000319 0.000152 0.000069 0.000022 
487 0.000320 0.000176 0.000064 0.000029 
488 0.000320 0.000200 0.000056 0.000037 
489 0.000320 0.000225 0.000046 0.000045 
490 0.000320 0.000249 0.000034 0.000053 
491 0.000321 0.000273 0.000023 0.000060 
492 0.000321 0.000297 0.000011 0.000067 
493 0.000321 0.000321 0.000000 0.000073 
494 0.000321 0.000345 -0.000010 0.000079 
495 0.000321 0.000369 -0.000019 0.000084 
496 0.000321 0.000394 -0.000027 0.000088 
497 0.000321 0.000418 -0.000033 0.000092 
498 0.000321 0.000442 -0.000038 0.000096 
499 0.000321 0.000466 -0.000041 0.000099 
500 0.000321 0.000490 -0.000042 0.000102 
501 0.000321 0.000514 -0.000041 0.000105 
502 0.000322 0.000538 -0.000037 0.000108 
503 0.000322 0.000562 -0.000031 0.000111 
504 0.000323 0.000586 -0.000023 0.000113 
505 0.000323 0.000610 -0.000011 0.000116 
506 0.000324 0.000634 0.000004 0.000118 
507 0.000325 0.000658 0.000022 0.000119 
508 0.000326 0.000682 0.000045 0.000120 
509 0.000327 0.000706 0.000072 0.000120 
510 0.000329 0.000730 0.000105 0.000119 
511 0.000330 0.000754 0.000144 0.000117 
512 0.000332 0.000778 0.000189 0.000112 
513 0.000334 0.000802 0.000242 0.000105 
514 0.000337 0.000826 0.000303 0.000095 
515 0.000340 0.000850 0.000373 0.000083 
516 0.000343 0.000874 0.000452 0.000068 
517 0.000347 0.000898 0.000540 0.000051 
518 0.000351 0.000921 0.000636 0.000030 
519 0.000355 0.000945 0.000744 0.000012 
520 0.000359 0.000969 0.000836 0.000011 
521 0.000339 0.000031 0.000023 -0.000008 
522 0.000340 0.000055 0.000036 0.000005 
523 0.000341 0.000079 0.000049 0.000003 
524 0.000342 0.000103 0.000056 0.000001 
525 0.000343 0.000127 0.000059 0.000003 
526 0.000343 0.000152 0.000058 0.000008 
527 0.000344 0.000176 0.000054 0.000014 
528 0.000344 0.000200 0.000047 0.000022 
529 0.000344 0.000224 0.000038 0.000030 
530 0.000344 0.000249 0.000028 0.000037 
531 0.000345 0.000273 0.000018 0.000045 
532 0.000345 0.000297 0.000008 0.000052 
533 0.000345 0.000321 -0.000002 0.000059 
534 0.000345 0.000345 -0.000011 0.000065 
535 0.000345 0.000369 -0.000019 0.000071 
536 0.000345 0.000393 -0.000026 0.000076 
537 0.000345 0.000417 -0.000031 0.000081 
538 0.000345 0.000442 -0.000035 0.000085 
539 0.000345 0.000466 -0.000038 0.000089 
540 0.000345 0.000490 -0.000038 0.000092 
541 0.000346 0.000514 -0.000037 0.000096 
542 0.000346 0.000538 -0.000033 0.000099 
543 0.000346 0.000562 -0.000027 0.000102 
544 0.000347 0.000586 -0.000018 0.000105 
545 0.000348 0.000610 -0.000006 0.000108 
546 0.000348 0.000634 0.000010 0.000110 
547 0.000349 0.000658 0.000029 0.000112 
548 0.000350 0.000682 0.000052 0.000114 
549 0.000352 0.000706 0.000080 0.000115 
550 0.000353 0.000730 0.000113 0.000114 
551 0.000355 0.000754 0.000153 0.000112 
552 0.000357 0.000778 0.000199 0.000108 
553 0.000359 0.000802 0.000252 0.000102 
554 0.000362 0.000826 0.000314 0.000094 
555 0.000365 0.000850 0.000384 0.000083 
556 0.000368 0.000874 0.000463 0.000069 
557 0.000372 0.000898 0.000550 0.000053 
558 0.000376 0.000921 0.000644 0.000032 
559 0.000380 0.000945 0.000750 0.000014 
560 0.000384 0.000969 0.000840 0.000013 
561 0.000364 0.000031 0.000018 -0.000009 
562 0.000365 0.000055 0.000028 0.000001 
563 0.000366 0.000079 0.000039 -0.000004 
564 0.000366 0.000103 0.000044 -0.000008 
565 0.000367 0.000127 0.000047 -0.000007 
566 0.000367 0.000151 0.000046 -0.000004 
567 0.000368 0.000176 0.000043 0.000001 
568 0.000368 0.000200 0.000037 0.000008 
569 0.000368 0.000224 0.000030 0.000015 
570 0.000368 0.000248 0.000022 0.000023 
571 0.000368 0.000273 0.000013 0.000031 
572 0.000369 0.000297 0.000004 0.000038 
573 0.000369 0.000321 -0.000004 0.000045 
574 0.000369 0.000345 -0.000012 0.000052 
575 0.000369 0.000369 -0.000019 0.000058 
576 0.000369 0.000393 -0.000025 0.000063 
577 0.000369 0.000417 -0.000029 0.000068 
578 0.000369 0.000441 -0.000033 0.000073 
579 0.000369 0.000465 -0.000035 0.000077 
580 0.000369 0.000489 -0.000034 0.000081 
581 0.000370 0.000513 -0.000033 0.000085 
582 0.000370 0.000537 -0.000028 0.000089 
583 0.000371 0.000561 -0.000022 0.000092 
584 0.000371 0.000585 -0.000013 0.000096 
585 0.000372 0.000609 -0.000001 0.000099 
586 0.000373 0.000633 0.000015 0.000102 
587 0.000373 0.000657 0.000034 0.000104 
588 0.000375 0.000682 0.000058 0.000107 
589 0.000376 0.000706 0.000086 0.000108 
590 0.000377 0.000730 0.000120 0.000108 
591 0.000379 0.000754 0.000159 0.000107 
592 0.000381 0.000778 0.000206 0.000104 
593 0.000384 0.000802 0.000260 0.000099 
594 0.000386 0.000826 0.000322 0.000092 
595 0.000389 0.000850 0.000392 0.000082 
596 0.000393 0.000874 0.000470 0.000070 
597 0.000396 0.000898 0.000556 0.000054 
598 0.000400 0.000921 0.000650 0.000034 
599 0.000405 0.000945 0.000753 0.000016 
600 0.000409 0.000969 0.000843 0.000013 
601 0.000389 0.000031 0.000013 -0.000011 
602 0.000389 0.000055 0.000021 -0.000003 
603 0.000390 0.000079 0.000029 -0.000009 
604 0.000391 0.000103 0.000034 -0.000016 
605 0.000391 0.000127 0.000036 -0.000017 
606 0.000392 0.000151 0.000035 -0.000015 
607 0.000392 0.000176 0.000032 -0.000011 
608 0.000392 0.000200 0.000028 -0.000005 
609 0.000392 0.000224 0.000022 0.000002 
610 0.000392 0.000248 0.000015 0.000010 
611 0.000392 0.000273 0.000008 0.000017 
612 0.000392 0.000297 0.000000 0.000025 
613 0.000393 0.000321 -0.000007 0.000032 
614 0.000393 0.000345 -0.000013 0.000039 
615 0.000393 0.000369 -0.000019 0.000045 
616 0.000393 0.000393 -0.000024 0.000051 
617 0.000393 0.000417 -0.000028 0.000056 
618 0.000393 0.000441 -0.000030 0.000061 
619 0.000393 0.000465 -0.000032 0.000066 
620 0.000393 0.000489 -0.000031 0.000070 
621 0.000394 0.000513 -0.000029 0.000074 
622 0.000394 0.000537 -0.000025 0.000078 
623 0.000395 0.000561 -0.000018 0.000082 
624 0.000395 0.000585 -0.000009 0.000085 
625 0.000396 0.000609 0.000004 0.000089 
626 0.000397 0.000633 0.000019 0.000092 
627 0.000398 0.000657 0.000038 0.000096 
628 0.000399 0.000681 0.000062 0.000098 
629 0.000400 0.000705 0.000090 0.000100 
630 0.000402 0.000729 0.000124 0.000101 
631 0.000403 0.000753 0.000164 0.000101 
632 0.000406 0.000777 0.000210 0.000099 
633 0.000408 0.000802 0.000264 0.000096 
634 0.000411 0.000826 0.000326 0.000090 
635 0.000414 0.000850 0.000396 0.000081 
636 0.000417 0.000874 0.000474 0.000070 
637 0.000421 0.000898 0.000560 0.000055 
638 0.000425 0.000922 0.000652 0.000035 
639 0.000430 0.000945 0.000755 0.000017 
640 0.000434 0.000969 0.000845 0.000014 
641 0.000413 0.000031 0.000009 -0.000012 
642 0.000414 0.000055 0.000014 -0.000007 
643 0.000414 0.000079 0.000020 -0.000014 
644 0.000415 0.000103 0.000023 -0.000022 
645 0.000415 0.000127 0.000025 -0.000025 
646 0.000416 0.000151 0.000024 -0.000024 
647 0.000416 0.000176 0.000022 -0.000021 
648 0.000416 0.000200 0.000018 -0.000016 
649 0.000416 0.000224 0.000013 -0.000009 
650 0.000416 0.000248 0.000008 -0.000002 
651 0.000416 0.000272 0.000002 0.000005 
652 0.000416 0.000297 -0.000004 0.000013 
653 0.000416 0.000321 -0.000010 0.000020 
654 0.000417 0.000345 -0.000015 0.000027 
655 0.000417 0.000369 -0.000020 0.000033 
656 0.000417 0.000393 -0.000024 0.000039 
657 0.000417 0.000417 -0.000027 0.000044 
658 0.000417 0.000441 -0.000028 0.000049 
659 0.000417 0.000465 -0.000029 0.000054 
660 0.000417 0.000489 -0.000028 0.000058 
661 0.000418 0.000513 -0.000026 0.000062 
662 0.000418 0.000537 -0.000021 0.000067 
663 0.000419 0.000561 -0.000014 0.000071 
664 0.000419 0.000585 -0.000005 0.000074 
665 0.000420 0.000609 0.000007 0.000078 
666 0.000421 0.000633 0.000022 0.000082 
667 0.000422 0.000657 0.000041 0.000086 
668 0.000423 0.000681 0.000065 0.000089 
669 0.000424 0.000705 0.000093 0.000092 
670 0.000426 0.000729 0.000126 0.000094 
671 0.000428 0.000753 0.000166 0.000094 
672 0.000430 0.000777 0.000212 0.000094 
673 0.000432 0.000801 0.000266 0.000091 
674 0.000435 0.000825 0.000327 0.000087 
675 0.000438 0.000850 0.000396 0.000079 
676 0.000442 0.000874 0.000474 0.000069 
677 0.000446 0.000898 0.000560 0.000056 
678 0.000450 0.000922 0.000652 0.000036 
679 0.000455 0.000945 0.000755 0.000018 
680 0.000459 0.000969 0.000845 0.000015 
681 0.000438 0.000031 0.000004 -0.000013 
682 0.000438 0.000055 0.000008 -0.000010 
683 0.000439 0.000079 0.000011 -0.000019 
684 0.000439 0.000103 0.000013 -0.000028 
685 0.000439 0.000127 0.000014 -0.000031 
686 0.000440 0.000151 0.000013 -0.000032 
687 0.000440 0.000175 0.000011 -0.000029 
688 0.000440 0.000200 0.000008 -0.000025 
689 0.000440 0.000224 0.000004 -0.000019 
690 0.000440 0.000248 0.000000 -0.000013 
691 0.000440 0.000272 -0.000004 -0.000006 
692 0.000440 0.000296 -0.000009 0.000002 
693 0.000440 0.000321 -0.000013 0.000008 
694 0.000440 0.000345 -0.000017 0.000015 
695 0.000441 0.000369 -0.000021 0.000021 
696 0.000441 0.000393 -0.000024 0.000027 
697 0.000441 0.000417 -0.000026 0.000033 
698 0.000441 0.000441 -0.000027 0.000037 
699 0.000441 0.000465 -0.000027 0.000042 
700 0.000441 0.000489 -0.000025 0.000046 
701 0.000442 0.000513 -0.000022 0.000051 
702 0.000442 0.000537 -0.000018 0.000055 
703 0.000443 0.000561 -0.000011 0.000059 
704 0.000443 0.000585 -0.000002 0.000063 
705 0.000444 0.000609 0.000010 0.000067 
706 0.000445 0.000633 0.000024 0.000071 
707 0.000446 0.000657 0.000043 0.000075 
708 0.000447 0.000681 0.000066 0.000079 
709 0.000448 0.000705 0.000093 0.000082 
710 0.000450 0.000729 0.000126 0.000085 
711 0.000452 0.000753 0.000165 0.000086 
712 0.000454 0.000777 0.000211 0.000087 
713 0.000457 0.000801 0.000264 0.000086 
714 0.000459 0.000825 0.000325 0.000083 
715 0.000463 0.000849 0.000394 0.000077 
716 0.000466 0.000874 0.000471 0.000068 
717 0.000470 0.000898 0.000557 0.000055 
718 0.000474 0.000922 0.000650 0.000037 
719 0.000479 0.000945 0.000754 0.000019 
720 0.000484 0.000969 0.000844 0.000015 
721 0.000463 0.000031 0.000001 -0.000014 
722 0.000463 0.000055 0.000002 -0.000012 
723 0.000463 0.000079 0.000003 -0.000022 
724 0.000463 0.000103 0.000004 -0.000032 
725 0.000464 0.000127 0.000003 -0.000037 
726 0.000464 0.000151 0.000002 -0.000038 
727 0.000464 0.000175 0.000001 -0.000036 
728 0.000464 0.000200 -0.000002 -0.000033 
729 0.000464 0.000224 -0.000004 -0.000027 
730 0.000464 0.000248 -0.000007 -0.000021 
731 0.000464 0.000272 -0.000010 -0.000015 
732 0.000464 0.000296 -0.000014 -0.000008 
733 0.000464 0.000320 -0.000017 -0.000001 
734 0.000464 0.000345 -0.000019 0.000005 
735 0.000464 0.000369 -0.000022 0.000011 
736 0.000465 0.000393 -0.000023 0.000016 
737 0.000465 0.000417 -0.000025 0.000021 
738 0.000465 0.000441 -0.000025 0.000026 
739 0.000465 0.000465 -0.000024 0.000030 
740 0.000465 0.000489 -0.000023 0.000034 
741 0.000466 0.000513 -0.000020 0.000038 
742 0.000466 0.000537 -0.000015 0.000042 
743 0.000467 0.000560 -0.000009 0.000046 
744 0.000467 0.000584 0.000000 0.000050 
745 0.000468 0.000608 0.000011 0.000054 
746 0.000469 0.000632 0.000026 0.000059 
747 0.000470 0.000657 0.000044 0.000063 
748 0.000471 0.000681 0.000065 0.000067 
749 0.000472 0.000705 0.000092 0.000071 
750 0.000474 0.000729 0.000124 0.000075 
751 0.000476 0.000753 0.000162 0.000077 
752 0.000478 0.000777 0.000207 0.000079 
753 0.000481 0.000801 0.000260 0.000079 
754 0.000484 0.000825 0.000320 0.000077 
755 0.000487 0.000849 0.000389 0.000073 
756 0.000490 0.000874 0.000466 0.000065 
757 0.000495 0.000898 0.000552 0.000054 
758 0.000499 0.000922 0.000645 0.000036 
759 0.000504 0.000945 0.000750 0.000019 
760 0.000509 0.000969 0.000842 0.000015 
761 0.000488 0.000031 -0.000003 -0.000015 
762 0.000488 0.000055 -0.000004 -0.000013 
763 0.000488 0.000079 -0.000005 -0.000024 
764 0.000488 0.000103 -0.000006 -0.000035 
765 0.000488 0.000127 -0.000007 -0.000040 
766 0.000488 0.000151 -0.000008 -0.000042 
767 0.000488 0.000175 -0.000010 -0.000041 
768 0.000488 0.000200 -0.000011 -0.000038 
769 0.000488 0.000224 -0.000013 -0.000034 
770 0.000488 0.000248 -0.000015 -0.000028 
771 0.000488 0.000272 -0.000017 -0.000022 
772 0.000488 0.000296 -0.000018 -0.000016 
773 0.000488 0.000320 -0.000020 -0.000010 
774 0.000488 0.000344 -0.000021 -0.000004 
775 0.000488 0.000368 -0.000023 0.000001 
776 0.000488 0.000393 -0.000023 0.000006 
777 0.000489 0.000416 -0.000024 0.000011 
778 0.000489 0.000440 -0.000023 0.000015 
779 0.000489 0.000464 -0.000022 0.000019 
780 0.000489 0.000488 -0.000020 0.000023 
781 0.000490 0.000512 -0.000017 0.000026 
782 0.000490 0.000536 -0.000013 0.000030 
783 0.000491 0.000560 -0.000006 0.000033 
784 0.000491 0.000584 0.000002 0.000037 
785 0.000492 0.000608 0.000013 0.000041 
786 0.000493 0.000632 0.000026 0.000045 
787 0.000494 0.000656 0.000043 0.000050 
788 0.000495 0.000680 0.000064 0.000054 
789 0.000496 0.000704 0.000089 0.000059 
790 0.000498 0.000729 0.000120 0.000063 
791 0.000500 0.000753 0.000157 0.000067 
792 0.000502 0.000777 0.000201 0.000069 
793 0.000505 0.000801 0.000252 0.000071 
794 0.000508 0.000825 0.000312 0.000071 
795 0.000511 0.000849 0.000380 0.000068 
796 0.000515 0.000873 0.000457 0.000062 
797 0.000519 0.000898 0.000543 0.000052 
798 0.000524 0.000922 0.000637 0.000035 
799 0.000529 0.000945 0.000744 0.000018 
800 0.000534 0.000969 0.000838 0.000015 
801 0.000512 0.000031 -0.000007 -0.000015 
802 0.000512 0.000055 -0.000009 -0.000014 
803 0.000512 0.000079 -0.000013 -0.000025 
804 0.000512 0.000103 -0.000015 -0.000037 
805 0.000512 0.000127 -0.000017 -0.000043 
806 0.000512 0.000151 -0.000019 -0.000045 
807 0.000512 0.000175 -0.000020 -0.000045 
808 0.000512 0.000199 -0.000021 -0.000043 
809 0.000512 0.000224 -0.000022 -0.000039 
810 0.000512 0.000248 -0.000022 -0.000034 
811 0.000512 0.000272 -0.000023 -0.000028 
812 0.000512 0.000296 -0.000023 -0.000023 
813 0.000512 0.000320 -0.000023 -0.000017 
814 0.000512 0.000344 -0.000023 -0.000012 
815 0.000512 0.000368 -0.000023 -0.000007 
816 0.000512 0.000392 -0.000023 -0.000003 
817 0.000513 0.000416 -0.000023 0.000001 
818 0.000513 0.000440 -0.000022 0.000004 
819 0.000513 0.000464 -0.000020 0.000008 
820 0.000513 0.000488 -0.000018 0.000011 
821 0.000514 0.000512 -0.000015 0.000014 
822 0.000514 0.000536 -0.000010 0.000017 
823 0.000514 0.000560 -0.000004 0.000020 
824 0.000515 0.000584 0.000003 0.000023 
825 0.000516 0.000608 0.000013 0.000027 
826 0.000517 0.000632 0.000026 0.000031 
827 0.000518 0.000656 0.000041 0.000036 
828 0.000519 0.000680 0.000061 0.000040 
829 0.000520 0.000704 0.000085 0.000045 
830 0.000522 0.000728 0.000115 0.000050 
831 0.000524 0.000753 0.000150 0.000055 
832 0.000526 0.000777 0.000192 0.000058 
833 0.000529 0.000801 0.000242 0.000061 
834 0.000532 0.000825 0.000301 0.000062 
835 0.000535 0.000849 0.000369 0.000061 
836 0.000539 0.000873 0.000445 0.000057 
837 0.000543 0.000898 0.000532 0.000048 
838 0.000548 0.000922 0.000627 0.000033 
839 0.000553 0.000945 0.000736 0.000017 
840 0.000558 0.000969 0.000833 0.000015 
841 0.000537 0.000031 -0.000010 -0.000015 
842 0.000537 0.000055 -0.000015 -0.000015 
843 0.000537 0.000079 -0.000020 -0.000026 
844 0.000536 0.000103 -0.000024 -0.000038 
845 0.000536 0.000127 -0.000027 -0.000044 
846 0.000536 0.000151 -0.000029 -0.000047 
847 0.000536 0.000175 -0.000030 -0.000047 
848 0.000536 0.000199 -0.000030 -0.000045 
849 0.000536 0.000224 -0.000030 -0.000041 
850 0.000536 0.000248 -0.000029 -0.000037 
851 0.000536 0.000272 -0.000028 -0.000032 
852 0.000536 0.000296 -0.000027 -0.000028 
853 0.000536 0.000320 -0.000026 -0.000023 
854 0.000536 0.000344 -0.000025 -0.000019 
855 0.000536 0.000368 -0.000024 -0.000015 
856 0.000536 0.000392 -0.000023 -0.000011 
857 0.000536 0.000416 -0.000021 -0.000008 
858 0.000537 0.000440 -0.000020 -0.000005 
859 0.000537 0.000464 -0.000018 -0.000003 
860 0.000537 0.000488 -0.000015 -0.000001 
861 0.000537 0.000512 -0.000012 0.000001 
862 0.000538 0.000536 -0.000008 0.000004 
863 0.000538 0.000560 -0.000003 0.000006 
864 0.000539 0.000584 0.000004 0.000009 
865 0.000540 0.000608 0.000013 0.000012 
866 0.000541 0.000632 0.000025 0.000016 
867 0.000542 0.000656 0.000039 0.000020 
868 0.000543 0.000680 0.000057 0.000025 
869 0.000544 0.000704 0.000080 0.000030 
870 0.000546 0.000728 0.000107 0.000035 
871 0.000548 0.000752 0.000141 0.000041 
872 0.000550 0.000777 0.000182 0.000046 
873 0.000553 0.000801 0.000230 0.000050 
874 0.000556 0.000825 0.000287 0.000052 
875 0.000559 0.000849 0.000354 0.000053 
876 0.000563 0.000873 0.000431 0.000050 
877 0.000567 0.000898 0.000518 0.000043 
878 0.000572 0.000922 0.000615 0.000030 
879 0.000578 0.000945 0.000726 0.000016 
880 0.000583 0.000969 0.000826 0.000014 
881 0.000562 0.000031 -0.000014 -0.000015 
882 0.000562 0.000055 -0.000020 -0.000014 
883 0.000561 0.000079 -0.000028 -0.000026 
884 0.000561 0.000103 -0.000033 -0.000037 
885 0.000560 0.000127 -0.000037 -0.000043 
886 0.000560 0.000151 -0.000039 -0.000046 
887 0.000560 0.000175 -0.000039 -0.000047 
888 0.000560 0.000199 -0.000039 -0.000045 
889 0.000560 0.000224 -0.000038 -0.000042 
890 0.000560 0.000248 -0.000036 -0.000039 
891 0.000560 0.000272 -0.000034 -0.000035 
892 0.000560 0.000296 -0.000031 -0.000031 
893 0.000560 0.000320 -0.000029 -0.000027 
894 0.000560 0.000344 -0.000026 -0.000024 
895 0.000560 0.000368 -0.000024 -0.000021 
896 0.000560 0.000392 -0.000022 -0.000018 
897 0.000560 0.000416 -0.000020 -0.000016 
898 0.000561 0.000440 -0.000018 -0.000015 
899 0.000561 0.000464 -0.000015 -0.000013 
900 0.000561 0.000488 -0.000013 -0.000012 
901 0.000561 0.000512 -0.000009 -0.000011 
902 0.000562 0.000536 -0.000006 -0.000010 
903 0.000562 0.000560 -0.000001 -0.000008 
904 0.000563 0.000583 0.000005 -0.000006 
905 0.000564 0.000607 0.000013 -0.000003 
906 0.000564 0.000631 0.000023 -0.000000 
907 0.000565 0.000656 0.000036 0.000004 
908 0.000567 0.000680 0.000052 0.000008 
909 0.000568 0.000704 0.000073 0.000013 
910 0.000570 0.000728 0.000098 0.000019 
911 0.000571 0.000752 0.000130 0.000025 
912 0.000574 0.000776 0.000169 0.000031 
913 0.000576 0.000801 0.000215 0.000036 
914 0.000579 0.000825 0.000271 0.000040 
915 0.000583 0.000849 0.000337 0.000043 
916 0.000587 0.000873 0.000413 0.000042 
917 0.000591 0.000898 0.000501 0.000038 
918 0.000597 0.000922 0.000599 0.000026 
919 0.000602 0.000945 0.000713 0.000014 
920 0.000608 0.000969 0.000817 0.000013 
921 0.000587 0.000031 -0.000017 -0.000015 
922 0.000586 0.000055 -0.000026 -0.000013 
923 0.000586 0.000079 -0.000036 -0.000024 
924 0.000585 0.000103 -0.000042 -0.000036 
925 0.000585 0.000127 -0.000046 -0.000041 
926 0.000584 0.000151 -0.000048 -0.000044 
927 0.000584 0.000175 -0.000049 -0.000045 
928 0.000584 0.000199 -0.000047 -0.000044 
929 0.000584 0.000224 -0.000045 -0.000041 
930 0.000584 0.000248 -0.000042 -0.000038 
931 0.000584 0.000272 -0.000038 -0.000035 
932 0.000584 0.000296 -0.000035 -0.000032 
933 0.000584 0.000320 -0.000031 -0.000030 
934 0.000584 0.000344 -0.000027 -0.000027 
935 0.000584 0.000368 -0.000024 -0.000026 
936 0.000584 0.000392 -0.000021 -0.000024 
937 0.000584 0.000416 -0.000018 -0.000024 
938 0.000585 0.000440 -0.000015 -0.000023 
939 0.000585 0.000464 -0.000012 -0.000023 
940 0.000585 0.000488 -0.000010 -0.000023 
941 0.000585 0.000511 -0.000007 -0.000023 
942 0.000586 0.000535 -0.000003 -0.000023 
943 0.000586 0.000559 0.000001 -0.000022 
944 0.000587 0.000583 0.000006 -0.000021 
945 0.000587 0.000607 0.000013 -0.000020 
946 0.000588 0.000631 0.000021 -0.000017 
947 0.000589 0.000655 0.000032 -0.000014 
948 0.000590 0.000679 0.000047 -0.000010 
949 0.000592 0.000703 0.000065 -0.000005 
950 0.000593 0.000728 0.000088 0.000001 
951 0.000595 0.000752 0.000118 0.000007 
952 0.000597 0.000776 0.000154 0.000014 
953 0.000600 0.000800 0.000198 0.000021 
954 0.000603 0.000825 0.000252 0.000026 
955 0.000607 0.000849 0.000317 0.000030 
956 0.000611 0.000873 0.000393 0.000032 
957 0.000615 0.000898 0.000481 0.000030 
958 0.000621 0.000922 0.000581 0.000021 
959 0.000627 0.000946 0.000698 0.000011 
960 0.000632 0.000969 0.000806 0.000013 
961 0.000611 0.000031 -0.000021 -0.000014 
962 0.000611 0.000055 -0.000032 -0.000011 
963 0.000610 0.000079 -0.000044 -0.000022 
964 0.000609 0.000103 -0.000051 -0.000032 
965 0.000609 0.000127 -0.000056 -0.000038 
966 0.000608 0.000151 -0.000058 -0.000041 
967 0.000608 0.000175 -0.000058 -0.000041 
968 0.000608 0.000199 -0.000055 -0.000040 
969 0.000608 0.000224 -0.000052 -0.000038 
970 0.000608 0.000248 -0.000047 -0.000036 
971 0.000608 0.000272 -0.000042 -0.000034 
972 0.000608 0.000296 -0.000037 -0.000032 
973 0.000608 0.000320 -0.000032 -0.000030 
974 0.000608 0.000344 -0.000027 -0.000029 
975 0.000608 0.000368 -0.000023 -0.000029 
976 0.000608 0.000392 -0.000019 -0.000029 
977 0.000608 0.000416 -0.000015 -0.000030 
978 0.000608 0.000440 -0.000012 -0.000031 
979 0.000609 0.000464 -0.000009 -0.000032 
980 0.000609 0.000487 -0.000006 -0.000034 
981 0.000609 0.000511 -0.000003 -0.000035 
982 0.000610 0.000535 -0.000000 -0.000036 
983 0.000610 0.000559 0.000003 -0.000037 
984 0.000611 0.000583 0.000007 -0.000037 
985 0.000611 0.000607 0.000012 -0.000037 
986 0.000612 0.000631 0.000019 -0.000035 
987 0.000613 0.000655 0.000029 -0.000033 
988 0.000614 0.000679 0.000041 -0.000029 
989 0.000615 0.000703 0.000057 -0.000024 
990 0.000617 0.000727 0.000077 -0.000019 
991 0.000619 0.000752 0.000104 -0.000012 
992 0.000621 0.000776 0.000137 -0.000005 
993 0.000624 0.000800 0.000179 0.000003 
994 0.000627 0.000825 0.000231 0.000010 
995 0.000630 0.000849 0.000294 0.000016 
996 0.000635 0.000873 0.000369 0.000020 
997 0.000639 0.000898 0.000458 0.000021 
998 0.000645 0.000922 0.000559 0.000015 
999 0.000651 0.000946 0.000679 0.000007 
1000 0.000657 0.000969 0.000792 0.000012 
1001 0.000636 0.000031 -0.000025 -0.000013 
1002 0.000635 0.000055 -0.000038 -0.000009 
1003 0.000634 0.000079 -0.000052 -0.000018 
1004 0.000634 0.000103 -0.000060 -0.000028 
1005 0.000633 0.000127 -0.000066 -0.000033 
1006 0.000633 0.000151 -0.000067 -0.000035 
1007 0.000632 0.000175 -0.000066 -0.000035 
1008 0.000632 0.000199 -0.000063 -0.000035 
1009 0.000632 0.000224 -0.000058 -0.000033 
1010 0.000632 0.000248 -0.000052 -0.000032 
1011 0.000632 0.000272 -0.000046 -0.000031 
1012 0.000632 0.000296 -0.000039 -0.000030 
1013 0.000632 0.000320 -0.000033 -0.000030 
1014 0.000632 0.000344 -0.000026 -0.000030 
1015 0.000632 0.000368 -0.000021 -0.000031 
1016 0.000632 0.000392 -0.000016 -0.000033 
1017 0.000632 0.000416 -0.000012 -0.000035 
1018 0.000632 0.000439 -0.000008 -0.000038 
1019 0.000633 0.000463 -0.000005 -0.000041 
1020 0.000633 0.000487 -0.000002 -0.000044 
1021 0.000633 0.000511 0.000001 -0.000047 
1022 0.000634 0.000535 0.000003 -0.000049 
1023 0.000634 0.000559 0.000005 -0.000052 
1024 0.000634 0.000583 0.000008 -0.000053 
1025 0.000635 0.000607 0.000012 -0.000054 
1026 0.000636 0.000631 0.000018 -0.000054 
1027 0.000637 0.000655 0.000025 -0.000052 
1028 0.000638 0.000679 0.000035 -0.000050 
1029 0.000639 0.000703 0.000048 -0.000046 
1030 0.000641 0.000727 0.000066 -0.000040 
1031 0.000642 0.000751 0.000089 -0.000034 
1032 0.000645 0.000776 0.000120 -0.000026 
1033 0.000647 0.000800 0.000159 -0.000017 
1034 0.000650 0.000824 0.000208 -0.000008 
1035 0.000654 0.000849 0.000269 -0.000000 
1036 0.000658 0.000873 0.000343 0.000006 
1037 0.000663 0.000898 0.000431 0.000010 
1038 0.000669 0.000922 0.000534 0.000007 
1039 0.000675 0.000946 0.000657 0.000002 
1040 0.000681 0.000969 0.000776 0.000010 
1041 0.000661 0.000031 -0.000029 -0.000012 
1042 0.000660 0.000055 -0.000044 -0.000006 
1043 0.000659 0.000079 -0.000061 -0.000013 
1044 0.000658 0.000103 -0.000070 -0.000022 
1045 0.000657 0.000127 -0.000076 -0.000026 
1046 0.000657 0.000151 -0.000077 -0.000027 
1047 0.000656 0.000175 -0.000075 -0.000027 
1048 0.000656 0.000199 -0.000070 -0.000027 
1049 0.000656 0.000224 -0.000064 -0.000026 
1050 0.000656 0.000248 -0.000056 -0.000026 
1051 0.000656 0.000272 -0.000048 -0.000025 
1052 0.000656 0.000296 -0.000040 -0.000026 
1053 0.000656 0.000320 -0.000032 -0.000027 
1054 0.000656 0.000344 -0.000025 -0.000029 
1055 0.000656 0.000368 -0.000018 -0.000032 
1056 0.000656 0.000392 -0.000012 -0.000035 
1057 0.000656 0.000415 -0.000007 -0.000039 
1058 0.000656 0.000439 -0.000003 -0.000044 
1059 0.000657 0.000463 0.000000 -0.000048 
1060 0.000657 0.000487 0.000003 -0.000053 
1061 0.000657 0.000511 0.000005 -0.000058 
1062 0.000657 0.000535 0.000007 -0.000062 
1063 0.000658 0.000559 0.000008 -0.000066 
1064 0.000658 0.000582 0.000010 -0.000069 
1065 0.000659 0.000606 0.000013 -0.000072 
1066 0.000660 0.000630 0.000016 -0.000073 
1067 0.000660 0.000654 0.000021 -0.000073 
1068 0.000661 0.000678 0.000029 -0.000071 
1069 0.000663 0.000703 0.000039 -0.000068 
1070 0.000664 0.000727 0.000054 -0.000063 
1071 0.000666 0.000751 0.000074 -0.000057 
1072 0.000668 0.000775 0.000101 -0.000049 
1073 0.000671 0.000800 0.000136 -0.000039 
1074 0.000674 0.000824 0.000182 -0.000029 
1075 0.000677 0.000849 0.000241 -0.000019 
1076 0.000682 0.000873 0.000313 -0.000010 
1077 0.000687 0.000897 0.000402 -0.000003 
1078 0.000693 0.000922 0.000506 -0.000003 
1079 0.000699 0.000946 0.000632 -0.000003 
1080 0.000706 0.000969 0.000756 0.000008 
1081 0.000686 0.000031 -0.000034 -0.000011 
1082 0.000685 0.000055 -0.000051 -0.000001 
1083 0.000683 0.000079 -0.000070 -0.000008 
1084 0.000682 0.000103 -0.000080 -0.000014 
1085 0.000681 0.000127 -0.000085 -0.000017 
1086 0.000681 0.000151 -0.000086 -0.000018 
1087 0.000680 0.000175 -0.000083 -0.000018 
1088 0.000680 0.000199 -0.000076 -0.000017 
1089 0.000680 0.000224 -0.000068 -0.000017 
1090 0.000680 0.000248 -0.000059 -0.000017 
1091 0.000680 0.000272 -0.000049 -0.000018 
1092 0.000680 0.000296 -0.000040 -0.000020 
1093 0.000680 0.000320 -0.000031 -0.000023 
1094 0.000680 0.000344 -0.000022 -0.000027 
1095 0.000680 0.000368 -0.000015 -0.000031 
1096 0.000680 0.000392 -0.000008 -0.000036 
1097 0.000680 0.000415 -0.000003 -0.000042 
1098 0.000680 0.000439 0.000002 -0.000048 
1099 0.000681 0.000463 0.000005 -0.000055 
1100 0.000681 0.000487 0.000008 -0.000062 
1101 0.000681 0.000511 0.000010 -0.000068 
1102 0.000681 0.000535 0.000011 -0.000074 
1103 0.000682 0.000558 0.000012 -0.000080 
1104 0.000682 0.000582 0.000013 -0.000085 
1105 0.000683 0.000606 0.000014 -0.000089 
1106 0.000683 0.000630 0.000015 -0.000092 
1107 0.000684 0.000654 0.000018 -0.000094 
1108 0.000685 0.000678 0.000023 -0.000094 
1109 0.000686 0.000702 0.000031 -0.000092 
1110 0.000688 0.000726 0.000042 -0.000088 
1111 0.000689 0.000751 0.000059 -0.000082 
1112 0.000691 0.000775 0.000082 -0.000074 
1113 0.000694 0.000799 0.000113 -0.000064 
1114 0.000697 0.000824 0.000156 -0.000053 
1115 0.000701 0.000848 0.000211 -0.000041 
1116 0.000705 0.000873 0.000281 -0.000029 
1117 0.000710 0.000897 0.000369 -0.000019 
1118 0.000716 0.000922 0.000474 -0.000014 
1119 0.000723 0.000946 0.000603 -0.000010 
1120 0.000730 0.000969 0.000732 0.000007 
1121 0.000710 0.000031 -0.000039 -0.000009 
1122 0.000709 0.000055 -0.000059 0.000004 
1123 0.000707 0.000079 -0.000080 -0.000000 
1124 0.000706 0.000103 -0.000090 -0.000005 
1125 0.000705 0.000127 -0.000095 -0.000006 
1126 0.000705 0.000151 -0.000095 -0.000006 
1127 0.000704 0.000175 -0.000090 -0.000006 
1128 0.000704 0.000200 -0.000082 -0.000005 
1129 0.000704 0.000224 -0.000072 -0.000006 
1130 0.000704 0.000248 -0.000061 -0.000007 
1131 0.000704 0.000272 -0.000050 -0.000010 
1132 0.000704 0.000296 -0.000039 -0.000013 
1133 0.000704 0.000320 -0.000028 -0.000018 
1134 0.000704 0.000344 -0.000019 -0.000023 
1135 0.000704 0.000368 -0.000010 -0.000029 
1136 0.000704 0.000391 -0.000003 -0.000036 
1137 0.000704 0.000415 0.000003 -0.000044 
1138 0.000705 0.000439 0.000008 -0.000052 
1139 0.000705 0.000463 0.000011 -0.000061 
1140 0.000705 0.000487 0.000014 -0.000069 
1141 0.000705 0.000511 0.000015 -0.000078 
1142 0.000705 0.000534 0.000016 -0.000086 
1143 0.000706 0.000558 0.000016 -0.000094 
1144 0.000706 0.000582 0.000015 -0.000101 
1145 0.000707 0.000606 0.000015 -0.000107 
1146 0.000707 0.000630 0.000015 -0.000111 
1147 0.000708 0.000654 0.000016 -0.000115 
1148 0.000709 0.000678 0.000018 -0.000116 
1149 0.000710 0.000702 0.000023 -0.000116 
1150 0.000711 0.000726 0.000031 -0.000113 
1151 0.000713 0.000750 0.000043 -0.000108 
1152 0.000715 0.000775 0.000062 -0.000101 
1153 0.000717 0.000799 0.000090 -0.000091 
1154 0.000720 0.000824 0.000128 -0.000079 
1155 0.000724 0.000848 0.000179 -0.000065 
1156 0.000728 0.000873 0.000246 -0.000051 
1157 0.000733 0.000897 0.000332 -0.000037 
1158 0.000740 0.000922 0.000438 -0.000028 
1159 0.000747 0.000946 0.000569 -0.000019 
1160 0.000754 0.000969 0.000704 0.000004 
1161 0.000735 0.000031 -0.000046 -0.000007 
1162 0.000734 0.000055 -0.000068 0.000010 
1163 0.000732 0.000079 -0.000091 0.000008 
1164 0.000730 0.000103 -0.000101 0.000006 
1165 0.000729 0.000127 -0.000106 0.000007 
1166 0.000729 0.000151 -0.000103 0.000008 
1167 0.000728 0.000175 -0.000096 0.000009 
1168 0.000728 0.000200 -0.000086 0.000008 
1169 0.000728 0.000224 -0.000074 0.000007 
1170 0.000728 0.000248 -0.000062 0.000004 
1171 0.000728 0.000272 -0.000049 0.000000 
1172 0.000728 0.000296 -0.000037 -0.000005 
1173 0.000728 0.000320 -0.000025 -0.000011 
1174 0.000728 0.000344 -0.000015 -0.000018 
1175 0.000728 0.000367 -0.000005 -0.000026 
1176 0.000728 0.000391 0.000002 -0.000035 
1177 0.000728 0.000415 0.000009 -0.000045 
1178 0.000729 0.000439 0.000014 -0.000055 
1179 0.000729 0.000463 0.000017 -0.000065 
1180 0.000729 0.000487 0.000020 -0.000076 
1181 0.000729 0.000510 0.000021 -0.000086 
1182 0.000729 0.000534 0.000021 -0.000096 
1183 0.000730 0.000558 0.000020 -0.000106 
1184 0.000730 0.000582 0.000019 -0.000115 
1185 0.000731 0.000606 0.000017 -0.000123 
1186 0.000731 0.000630 0.000015 -0.000130 
1187 0.000732 0.000653 0.000014 -0.000135 
1188 0.000733 0.000677 0.000014 -0.000139 
1189 0.000733 0.000702 0.000015 -0.000140 
1190 0.000735 0.000726 0.000020 -0.000139 
1191 0.000736 0.000750 0.000029 -0.000135 
1192 0.000738 0.000774 0.000043 -0.000129 
1193 0.000740 0.000799 0.000066 -0.000119 
1194 0.000743 0.000823 0.000099 -0.000107 
1195 0.000747 0.000848 0.000146 -0.000092 
1196 0.000751 0.000873 0.000210 -0.000076 
1197 0.000757 0.000897 0.000292 -0.000058 
1198 0.000763 0.000922 0.000397 -0.000044 
1199 0.000771 0.000946 0.000530 -0.000030 
1200 0.000778 0.000969 0.000670 0.000002 
1201 0.000760 0.000031 -0.000053 -0.000004 
1202 0.000758 0.000055 -0.000078 0.000017 
1203 0.000756 0.000079 -0.000103 0.000019 
1204 0.000754 0.000103 -0.000113 0.000019 
1205 0.000753 0.000127 -0.000116 0.000022 
1206 0.000753 0.000151 -0.000111 0.000024 
1207 0.000752 0.000176 -0.000102 0.000025 
1208 0.000752 0.000200 -0.000090 0.000024 
1209 0.000752 0.000224 -0.000076 0.000021 
1210 0.000752 0.000248 -0.000061 0.000017 
1211 0.000752 0.000272 -0.000047 0.000012 
1212 0.000752 0.000296 -0.000034 0.000005 
1213 0.000752 0.000320 -0.000021 -0.000003 
1214 0.000752 0.000344 -0.000010 -0.000012 
1215 0.000752 0.000367 0.000000 -0.000022 
1216 0.000752 0.000391 0.000008 -0.000033 
1217 0.000753 0.000415 0.000015 -0.000045 
1218 0.000753 0.000439 0.000020 -0.000057 
1219 0.000753 0.000463 0.000024 -0.000069 
1220 0.000753 0.000486 0.000026 -0.000081 
1221 0.000753 0.000510 0.000027 -0.000093 
1222 0.000754 0.000534 0.000026 -0.000106 
1223 0.000754 0.000558 0.000025 -0.000117 
1224 0.000754 0.000582 0.000022 -0.000128 
1225 0.000754 0.000605 0.000019 -0.000138 
1226 0.000755 0.000629 0.000016 -0.000147 
1227 0.000756 0.000653 0.000013 -0.000155 
1228 0.000756 0.000677 0.000010 -0.000160 
1229 0.000757 0.000701 0.000009 -0.000164 
1230 0.000758 0.000725 0.000010 -0.000165 
1231 0.000760 0.000750 0.000015 -0.000163 
1232 0.000761 0.000774 0.000025 -0.000158 
1233 0.000763 0.000798 0.000043 -0.000149 
1234 0.000766 0.000823 0.000071 -0.000137 
1235 0.000770 0.000848 0.000112 -0.000122 
1236 0.000774 0.000872 0.000171 -0.000103 
1237 0.000779 0.000897 0.000250 -0.000082 
1238 0.000786 0.000922 0.000352 -0.000063 
1239 0.000794 0.000946 0.000486 -0.000042 
1240 0.000802 0.000969 0.000628 -0.000001 
1241 0.000784 0.000031 -0.000061 -0.000001 
1242 0.000782 0.000055 -0.000090 0.000026 
1243 0.000780 0.000079 -0.000116 0.000031 
1244 0.000778 0.000103 -0.000125 0.000035 
1245 0.000777 0.000127 -0.000125 0.000039 
1246 0.000777 0.000151 -0.000118 0.000042 
1247 0.000776 0.000176 -0.000106 0.000043 
1248 0.000776 0.000200 -0.000091 0.000041 
1249 0.000776 0.000224 -0.000075 0.000037 
1250 0.000776 0.000248 -0.000059 0.000031 
1251 0.000776 0.000272 -0.000044 0.000024 
1252 0.000776 0.000296 -0.000029 0.000015 
1253 0.000776 0.000319 -0.000016 0.000005 
1254 0.000776 0.000343 -0.000004 -0.000006 
1255 0.000776 0.000367 0.000006 -0.000018 
1256 0.000777 0.000391 0.000014 -0.000030 
1257 0.000777 0.000415 0.000021 -0.000043 
1258 0.000777 0.000439 0.000026 -0.000057 
1259 0.000777 0.000463 0.000030 -0.000071 
1260 0.000777 0.000486 0.000032 -0.000085 
1261 0.000777 0.000510 0.000032 -0.000099 
1262 0.000778 0.000534 0.000032 -0.000113 
1263 0.000778 0.000558 0.000029 -0.000126 
1264 0.000778 0.000582 0.000026 -0.000139 
1265 0.000778 0.000605 0.000022 -0.000151 
1266 0.000779 0.000629 0.000017 -0.000163 
1267 0.000779 0.000653 0.000013 -0.000172 
1268 0.000780 0.000677 0.000008 -0.000180 
1269 0.000781 0.000701 0.000004 -0.000186 
1270 0.000782 0.000725 0.000002 -0.000190 
1271 0.000783 0.000749 0.000003 -0.000190 
1272 0.000784 0.000774 0.000009 -0.000187 
1273 0.000786 0.000798 0.000021 -0.000180 
1274 0.000789 0.000823 0.000043 -0.000169 
1275 0.000792 0.000847 0.000079 -0.000153 
1276 0.000796 0.000872 0.000131 -0.000134 
1277 0.000802 0.000897 0.000204 -0.000110 
1278 0.000809 0.000922 0.000303 -0.000085 
1279 0.000818 0.000946 0.000437 -0.000058 
1280 0.000826 0.000969 0.000579 -0.000005 
1281 0.000809 0.000031 -0.000072 0.000002 
1282 0.000807 0.000055 -0.000104 0.000037 
1283 0.000804 0.000079 -0.000131 0.000047 
1284 0.000802 0.000103 -0.000137 0.000053 
1285 0.000801 0.000127 -0.000134 0.000059 
1286 0.000801 0.000151 -0.000123 0.000062 
1287 0.000800 0.000176 -0.000108 0.000062 
1288 0.000800 0.000200 -0.000091 0.000059 
1289 0.000800 0.000224 -0.000074 0.000053 
1290 0.000800 0.000248 -0.000056 0.000046 
1291 0.000800 0.000272 -0.000040 0.000036 
1292 0.000800 0.000295 -0.000025 0.000025 
1293 0.000800 0.000319 -0.000011 0.000014 
1294 0.000801 0.000343 0.000001 0.000001 
1295 0.000801 0.000367 0.000011 -0.000013 
1296 0.000801 0.000391 0.000020 -0.000027 
1297 0.000801 0.000415 0.000027 -0.000041 
1298 0.000801 0.000439 0.000032 -0.000056 
1299 0.000801 0.000462 0.000035 -0.000071 
1300 0.000801 0.000486 0.000037 -0.000087 
1301 0.000801 0.000510 0.000037 -0.000102 
1302 0.000802 0.000534 0.000036 -0.000118 
1303 0.000802 0.000558 0.000034 -0.000133 
1304 0.000802 0.000582 0.000030 -0.000147 
1305 0.000802 0.000605 0.000025 -0.000161 
1306 0.000803 0.000629 0.000019 -0.000175 
1307 0.000803 0.000653 0.000013 -0.000187 
1308 0.000804 0.000677 0.000007 -0.000197 
1309 0.000804 0.000701 0.000001 -0.000206 
1310 0.000805 0.000725 -0.000004 -0.000212 
1311 0.000806 0.000749 -0.000007 -0.000215 
1312 0.000808 0.000773 -0.000005 -0.000215 
1313 0.000809 0.000798 0.000001 -0.000210 
1314 0.000812 0.000822 0.000017 -0.000201 
1315 0.000815 0.000847 0.000046 -0.000187 
1316 0.000819 0.000872 0.000091 -0.000166 
1317 0.000824 0.000897 0.000157 -0.000140 
1318 0.000831 0.000921 0.000249 -0.000111 
1319 0.000840 0.000946 0.000381 -0.000076 
1320 0.000849 0.000969 0.000522 -0.000011 
1321 0.000833 0.000031 -0.000086 0.000007 
1322 0.000831 0.000055 -0.000121 0.000051 
1323 0.000828 0.000079 -0.000146 0.000065 
1324 0.000826 0.000103 -0.000148 0.000075 
1325 0.000825 0.000127 -0.000141 0.000082 
1326 0.000825 0.000151 -0.000126 0.000084 
1327 0.000824 0.000175 -0.000108 0.000082 
1328 0.000824 0.000199 -0.000089 0.000077 
1329 0.000824 0.000223 -0.000070 0.000069 
1330 0.000824 0.000247 -0.000051 0.000059 
1331 0.000824 0.000271 -0.000035 0.000048 
1332 0.000824 0.000295 -0.000019 0.000035 
1333 0.000825 0.000319 -0.000006 0.000022 
1334 0.000825 0.000343 0.000006 0.000007 
1335 0.000825 0.000367 0.000016 -0.000008 
1336 0.000825 0.000391 0.000025 -0.000023 
1337 0.000825 0.000415 0.000031 -0.000038 
1338 0.000825 0.000438 0.000036 -0.000054 
1339 0.000825 0.000462 0.000040 -0.000071 
1340 0.000825 0.000486 0.000041 -0.000087 
1341 0.000826 0.000510 0.000041 -0.000103 
1342 0.000826 0.000534 0.000040 -0.000120 
1343 0.000826 0.000558 0.000037 -0.000136 
1344 0.000826 0.000582 0.000033 -0.000152 
1345 0.000826 0.000606 0.000027 -0.000168 
1346 0.000827 0.000629 0.000021 -0.000183 
1347 0.000827 0.000653 0.000014 -0.000197 
1348 0.000828 0.000677 0.000006 -0.000210 
1349 0.000828 0.000701 -0.000001 -0.000221 
1350 0.000829 0.000725 -0.000008 -0.000230 
1351 0.000830 0.000749 -0.000014 -0.000237 
1352 0.000831 0.000773 -0.000017 -0.000240 
1353 0.000832 0.000798 -0.000015 -0.000239 
1354 0.000834 0.000822 -0.000006 -0.000232 
1355 0.000837 0.000847 0.000015 -0.000220 
1356 0.000841 0.000871 0.000052 -0.000200 
1357 0.000846 0.000896 0.000109 -0.000173 
1358 0.000853 0.000921 0.000192 -0.000139 
1359 0.000863 0.000946 0.000319 -0.000099 
1360 0.000872 0.000970 0.000455 -0.000020 
1361 0.000858 0.000031 -0.000104 0.000013 
1362 0.000855 0.000055 -0.000140 0.000069 
1363 0.000852 0.000079 -0.000162 0.000088 
1364 0.000850 0.000103 -0.000158 0.000099 
1365 0.000849 0.000127 -0.000145 0.000106 
1366 0.000849 0.000151 -0.000126 0.000106 
1367 0.000848 0.000175 -0.000105 0.000102 
1368 0.000848 0.000199 -0.000084 0.000094 
1369 0.000848 0.000223 -0.000064 0.000083 
1370 0.000849 0.000247 -0.000045 0.000071 
1371 0.000849 0.000271 -0.000029 0.000057 
1372 0.000849 0.000295 -0.000014 0.000043 
1373 0.000849 0.000319 -0.000001 0.000028 
1374 0.000849 0.000343 0.000011 0.000013 
1375 0.000849 0.000366 0.000020 -0.000003 
1376 0.000849 0.000390 0.000028 -0.000019 
1377 0.000849 0.000414 0.000034 -0.000035 
1378 0.000849 0.000438 0.000039 -0.000051 
1379 0.000850 0.000462 0.000042 -0.000068 
1380 0.000850 0.000486 0.000043 -0.000085 
1381 0.000850 0.000510 0.000043 -0.000101 
1382 0.000850 0.000534 0.000042 -0.000118 
1383 0.000850 0.000558 0.000039 -0.000135 
1384 0.000850 0.000582 0.000034 -0.000152 
1385 0.000850 0.000606 0.000029 -0.000169 
1386 0.000851 0.000630 0.000022 -0.000185 
1387 0.000851 0.000654 0.000015 -0.000201 
1388 0.000851 0.000678 0.000007 -0.000216 
1389 0.000852 0.000701 -0.000002 -0.000230 
1390 0.000852 0.000725 -0.000011 -0.000242 
1391 0.000853 0.000749 -0.000019 -0.000252 
1392 0.000854 0.000773 -0.000025 -0.000259 
1393 0.000855 0.000798 -0.000028 -0.000262 
1394 0.000857 0.000822 -0.000025 -0.000260 
1395 0.000860 0.000847 -0.000011 -0.000251 
1396 0.000863 0.000871 0.000015 -0.000234 
1397 0.000868 0.000896 0.000062 -0.000207 
1398 0.000875 0.000922 0.000133 -0.000170 
1399 0.000885 0.000946 0.000253 -0.000125 
1400 0.000895 0.000970 0.000379 -0.000031 
1401 0.000882 0.000031 -0.000129 0.000021 
1402 0.000878 0.000055 -0.000162 0.000093 
1403 0.000875 0.000079 -0.000177 0.000115 
1404 0.000874 0.000103 -0.000164 0.000127 
1405 0.000873 0.000127 -0.000145 0.000131 
1406 0.000873 0.000151 -0.000121 0.000127 
1407 0.000873 0.000175 -0.000098 0.000119 
1408 0.000873 0.000198 -0.000076 0.000107 
1409 0.000873 0.000222 -0.000056 0.000093 
1410 0.000873 0.000246 -0.000038 0.000079 
1411 0.000873 0.000270 -0.000023 0.000063 
1412 0.000873 0.000294 -0.000009 0.000048 
1413 0.000873 0.000318 0.000003 0.000032 
1414 0.000873 0.000342 0.000013 0.000016 
1415 0.000873 0.000366 0.000022 0.000001 
1416 0.000873 0.000390 0.000029 -0.000015 
1417 0.000873 0.000414 0.000034 -0.000031 
1418 0.000874 0.000438 0.000039 -0.000047 
1419 0.000874 0.000462 0.000041 -0.000063 
1420 0.000874 0.000486 0.000042 -0.000080 
1421 0.000874 0.000510 0.000042 -0.000096 
1422 0.000874 0.000534 0.000041 -0.000113 
1423 0.000874 0.000558 0.000038 -0.000130 
1424 0.000874 0.000582 0.000034 -0.000146 
1425 0.000874 0.000606 0.000029 -0.000163 
1426 0.000875 0.000630 0.000022 -0.000180 
1427 0.000875 0.000654 0.000015 -0.000197 
1428 0.000875 0.000678 0.000007 -0.000214 
1429 0.000876 0.000702 -0.000002 -0.000230 
1430 0.000876 0.000726 -0.000011 -0.000245 
1431 0.000877 0.000750 -0.000021 -0.000259 
1432 0.000877 0.000774 -0.000029 -0.000270 
1433 0.000878 0.000798 -0.000036 -0.000278 
1434 0.000880 0.000822 -0.000038 -0.000281 
1435 0.000882 0.000847 -0.000033 -0.000278 
1436 0.000885 0.000871 -0.000015 -0.000265 
1437 0.000889 0.000896 0.000019 -0.000239 
1438 0.000896 0.000922 0.000074 -0.000202 
1439 0.000906 0.000947 0.000180 -0.000152 
1440 0.000917 0.000970 0.000292 -0.000043 
1441 0.000905 0.000031 -0.000162 0.000037 
1442 0.000902 0.000054 -0.000184 0.000127 
1443 0.000899 0.000078 -0.000186 0.000147 
1444 0.000898 0.000102 -0.000163 0.000154 
1445 0.000897 0.000126 -0.000137 0.000152 
1446 0.000897 0.000150 -0.000111 0.000143 
1447 0.000897 0.000174 -0.000087 0.000129 
1448 0.000897 0.000197 -0.000066 0.000114 
1449 0.000897 0.000221 -0.000047 0.000097 
1450 0.000897 0.000245 -0.000031 0.000081 
1451 0.000897 0.000269 -0.000017 0.000064 
1452 0.000897 0.000293 -0.000005 0.000048 
1453 0.000897 0.000317 0.000005 0.000033 
1454 0.000897 0.000341 0.000014 0.000018 
1455 0.000897 0.000365 0.000021 0.000003 
1456 0.000898 0.000390 0.000027 -0.000012 
1457 0.000898 0.000414 0.000031 -0.000027 
1458 0.000898 0.000438 0.000035 -0.000042 
1459 0.000898 0.000462 0.000037 -0.000057 
1460 0.000898 0.000486 0.000038 -0.000072 
1461 0.000898 0.000511 0.000038 -0.000087 
1462 0.000898 0.000535 0.000036 -0.000103 
1463 0.000898 0.000559 0.000034 -0.000118 
1464 0.000898 0.000583 0.000031 -0.000134 
1465 0.000898 0.000607 0.000026 -0.000151 
1466 0.000899 0.000631 0.000020 -0.000167 
1467 0.000899 0.000655 0.000014 -0.000184 
1468 0.000899 0.000679 0.000006 -0.000201 
1469 0.000899 0.000703 -0.000002 -0.000219 
1470 0.000900 0.000727 -0.000011 -0.000236 
1471 0.000900 0.000751 -0.000020 -0.000252 
1472 0.000901 0.000775 -0.000030 -0.000268 
1473 0.000902 0.000799 -0.000039 -0.000281 
1474 0.000903 0.000823 -0.000045 -0.000290 
1475 0.000904 0.000848 -0.000046 -0.000294 
1476 0.000907 0.000872 -0.000039 -0.000288 
1477 0.000911 0.000897 -0.000017 -0.000269 
1478 0.000917 0.000922 0.000024 -0.000232 
1479 0.000927 0.000948 0.000111 -0.000185 
1480 0.000939 0.000972 0.000198 -0.000045 
1481 0.000929 0.000031 -0.000203 0.000067 
1482 0.000925 0.000054 -0.000197 0.000173 
1483 0.000923 0.000077 -0.000184 0.000180 
1484 0.000922 0.000101 -0.000153 0.000179 
1485 0.000921 0.000125 -0.000122 0.000167 
1486 0.000921 0.000148 -0.000095 0.000150 
1487 0.000921 0.000172 -0.000073 0.000131 
1488 0.000921 0.000196 -0.000055 0.000112 
1489 0.000921 0.000220 -0.000040 0.000093 
1490 0.000921 0.000244 -0.000027 0.000076 
1491 0.000921 0.000268 -0.000016 0.000060 
1492 0.000921 0.000292 -0.000006 0.000045 
1493 0.000921 0.000316 0.000002 0.000030 
1494 0.000922 0.000341 0.000008 0.000017 
1495 0.000922 0.000365 0.000014 0.000003 
1496 0.000922 0.000389 0.000019 -0.000010 
1497 0.000922 0.000414 0.000022 -0.000023 
1498 0.000922 0.000438 0.000025 -0.000036 
1499 0.000922 0.000462 0.000026 -0.000048 
1500 0.000922 0.000487 0.000027 -0.000061 
1501 0.000922 0.000511 0.000027 -0.000075 
1502 0.000922 0.000535 0.000026 -0.000088 
1503 0.000922 0.000559 0.000024 -0.000102 
1504 0.000922 0.000584 0.000021 -0.000116 
1505 0.000922 0.000608 0.000018 -0.000131 
1506 0.000922 0.000632 0.000013 -0.000146 
1507 0.000923 0.000656 0.000008 -0.000162 
1508 0.000923 0.000681 0.000002 -0.000178 
1509 0.000923 0.000705 -0.000005 -0.000195 
1510 0.000923 0.000729 -0.000012 -0.000213 
1511 0.000924 0.000753 -0.000021 -0.000231 
1512 0.000924 0.000777 -0.000030 -0.000250 
1513 0.000925 0.000801 -0.000039 -0.000267 
1514 0.000926 0.000825 -0.000047 -0.000282 
1515 0.000927 0.000849 -0.000051 -0.000292 
1516 0.000929 0.000873 -0.000049 -0.000294 
1517 0.000932 0.000898 -0.000038 -0.000283 
1518 0.000937 0.000924 -0.000028 -0.000254 
1519 0.000947 0.000950 0.000025 -0.000188 
1520 0.000960 0.000974 0.000097 -0.000042 
1521 0.000953 0.000029 -0.000258 0.000106 
1522 0.000949 0.000051 -0.000220 0.000218 
1523 0.000946 0.000075 -0.000176 0.000195 
1524 0.000946 0.000098 -0.000130 0.000180 
1525 0.000945 0.000122 -0.000097 0.000155 
1526 0.000945 0.000145 -0.000073 0.000131 
1527 0.000945 0.000169 -0.000056 0.000109 
1528 0.000945 0.000193 -0.000042 0.000090 
1529 0.000945 0.000218 -0.000031 0.000073 
1530 0.000945 0.000242 -0.000022 0.000058 
1531 0.000945 0.000266 -0.000014 0.000045 
1532 0.000945 0.000291 -0.000007 0.000033 
1533 0.000945 0.000315 -0.000002 0.000022 
1534 0.000945 0.000340 0.000003 0.000011 
1535 0.000946 0.000364 0.000007 0.000001 
1536 0.000946 0.000389 0.000010 -0.000009 
1537 0.000946 0.000413 0.000013 -0.000018 
1538 0.000946 0.000438 0.000014 -0.000028 
1539 0.000946 0.000462 0.000016 -0.000037 
1540 0.000946 0.000487 0.000016 -0.000047 
1541 0.000946 0.000511 0.000016 -0.000056 
1542 0.000946 0.000536 0.000015 -0.000066 
1543 0.000946 0.000560 0.000013 -0.000077 
1544 0.000946 0.000585 0.000011 -0.000087 
1545 0.000946 0.000609 0.000009 -0.000099 
1546 0.000946 0.000634 0.000005 -0.000110 
1547 0.000946 0.000658 0.000001 -0.000123 
1548 0.000946 0.000683 -0.000004 -0.000136 
1549 0.000947 0.000707 -0.000009 -0.000151 
1550 0.000947 0.000731 -0.000015 -0.000166 
1551 0.000947 0.000756 -0.000022 -0.000183 
1552 0.000947 0.000780 -0.000030 -0.000201 
1553 0.000948 0.000804 -0.000039 -0.000220 
1554 0.000948 0.000828 -0.000047 -0.000240 
1555 0.000949 0.000852 -0.000054 -0.000259 
1556 0.000951 0.000877 -0.000058 -0.000272 
1557 0.000953 0.000901 -0.000052 -0.000272 
1558 0.000958 0.000927 -0.000029 -0.000243 
1559 0.000966 0.000953 -0.000020 -0.000184 
1560 0.000981 0.000980 0.000136 -0.000046 
1561 0.000975 0.000025 -0.000374 0.000374 
1562 0.000971 0.000047 -0.000107 0.000257 
1563 0.000969 0.000071 -0.000068 0.000202 
1564 0.000969 0.000095 -0.000038 0.000159 
1565 0.000969 0.000118 -0.000023 0.000125 
1566 0.000969 0.000142 -0.000014 0.000099 
1567 0.000969 0.000167 -0.000008 0.000078 
1568 0.000969 0.000191 -0.000004 0.000063 
1569 0.000969 0.000216 -0.000000 0.000050 
1570 0.000969 0.000240 0.000003 0.000039 
1571 0.000969 0.000265 0.000005 0.000029 
1572 0.000969 0.000289 0.000008 0.000021 
1573 0.000969 0.000314 0.000010 0.000013 
1574 0.000969 0.000339 0.000011 0.000005 
1575 0.000969 0.000363 0.000013 -0.000001 
1576 0.000969 0.000388 0.000014 -0.000008 
1577 0.000969 0.000413 0.000015 -0.000014 
1578 0.000969 0.000438 0.000015 -0.000021 
1579 0.000969 0.000462 0.000016 -0.000027 
1580 0.000969 0.000487 0.000016 -0.000034 
1581 0.000969 0.000512 0.000016 -0.000040 
1582 0.000969 0.000536 0.000015 -0.000047 
1583 0.000969 0.000561 0.000014 -0.000054 
1584 0.000969 0.000586 0.000014 -0.000061 
1585 0.000969 0.000610 0.000012 -0.000069 
1586 0.000969 0.000635 0.000011 -0.000078 
1587 0.000969 0.000660 0.000010 -0.000087 
1588 0.000969 0.000684 0.000008 -0.000096 
1589 0.000969 0.000709 0.000006 -0.000107 
1590 0.000970 0.000734 0.000004 -0.000119 
1591 0.000970 0.000758 0.000002 -0.000133 
1592 0.000970 0.000783 -0.000001 -0.000149 
1593 0.000970 0.000807 -0.000004 -0.000169 
1594 0.000970 0.000831 -0.000006 -0.000192 
1595 0.000971 0.000856 -0.000009 -0.000218 
1596 0.000971 0.000880 -0.000013 -0.000245 
1597 0.000972 0.000904 -0.000025 -0.000265 
1598 0.000973 0.000929 -0.000078 -0.000259 
1599 0.000981 0.000957 -0.000158 -0.000163 
1600 0.001050 0.000976 0.004739 -0.000679 
