1 0.001875 0.083333 0.045733 1.371997 
2 0.001875 0.083571 0.039796 1.190627 
3 0.001875 0.084789 0.037469 1.104567 
4 0.001875 0.088147 0.036990 1.047599 
5 0.001875 0.107801 0.046677 1.067923 
6 0.001875 0.142827 0.067431 1.160417 
7 0.001875 0.170607 0.084558 1.229142 
8 0.001875 0.193829 0.099983 1.280914 
9 0.001875 0.215937 0.115658 1.329657 
10 0.001875 0.237169 0.131631 1.375698 
11 0.001875 0.257282 0.147645 1.421342 
12 0.001875 0.275420 0.162671 1.463133 
13 0.001875 0.291362 0.176327 1.500044 
14 0.001875 0.306186 0.189298 1.533093 
15 0.001875 0.320979 0.202524 1.565022 
16 0.001875 0.336604 0.216779 1.597794 
17 0.001875 0.353636 0.232566 1.631861 
18 0.001875 0.371688 0.249602 1.666477 
19 0.001875 0.389968 0.267149 1.699898 
20 0.001875 0.407795 0.284526 1.730851 
21 0.001875 0.424784 0.301317 1.759049 
22 0.001875 0.440849 0.317371 1.784714 
23 0.001875 0.456216 0.332906 1.808621 
24 0.001875 0.471085 0.348139 1.831552 
25 0.001875 0.485774 0.363364 1.854078 
26 0.001875 0.500481 0.378798 1.876601 
27 0.001875 0.515414 0.394668 1.899233 
28 0.001875 0.530684 0.411123 1.922037 
29 0.001875 0.546244 0.428118 1.944824 
30 0.001875 0.561955 0.445501 1.967338 
31 0.001875 0.577612 0.463045 1.989287 
32 0.001875 0.593044 0.480540 2.010436 
33 0.001875 0.608134 0.497826 2.030711 
34 0.001875 0.622804 0.514782 2.050087 
35 0.001875 0.637033 0.531362 2.068632 
36 0.001875 0.650914 0.547653 2.086490 
37 0.001875 0.664525 0.563748 2.103842 
38 0.001875 0.677993 0.579788 2.120875 
39 0.001875 0.691402 0.595881 2.137724 
40 0.001875 0.704822 0.612118 2.154470 
41 0.001875 0.718277 0.628545 2.171135 
42 0.001875 0.731782 0.645177 2.187700 
43 0.001875 0.745265 0.661939 2.204093 
44 0.001875 0.758685 0.678764 2.220230 
45 0.001875 0.771952 0.695535 2.236015 
46 0.001875 0.784973 0.712129 2.251352 
47 0.001875 0.797698 0.728459 2.266185 
48 0.001875 0.810071 0.744447 2.280501 
49 0.001875 0.822082 0.760056 2.294308 
50 0.001875 0.833734 0.775281 2.307644 
51 0.001875 0.845036 0.790130 2.320550 
52 0.001875 0.856019 0.804631 2.333073 
53 0.001875 0.866693 0.818796 2.345247 
54 0.001875 0.877057 0.832616 2.357075 
55 0.001875 0.887095 0.846066 2.368540 
56 0.001875 0.896778 0.859103 2.379609 
57 0.001875 0.906073 0.871674 2.390232 
58 0.001875 0.914941 0.883719 2.400364 
59 0.001875 0.923348 0.895180 2.409968 
60 0.001875 0.931264 0.906006 2.419012 
61 0.001875 0.938671 0.916161 2.427478 
62 0.001875 0.945558 0.925623 2.435359 
63 0.001875 0.951925 0.934384 2.442659 
64 0.001875 0.957781 0.942451 2.449393 
65 0.001875 0.963141 0.949839 2.455580 
66 0.001875 0.968024 0.956568 2.461242 
67 0.001875 0.972451 0.962667 2.466404 
68 0.001875 0.976446 0.968166 2.471088 
69 0.001875 0.980031 0.973095 2.475317 
70 0.001875 0.983229 0.977487 2.479112 
71 0.001875 0.986062 0.981371 2.482494 
72 0.001875 0.988552 0.984777 2.485485 
73 0.001875 0.990722 0.987738 2.488107 
74 0.001875 0.992593 0.990283 2.490383 
75 0.001875 0.994191 0.992448 2.492340 
76 0.001875 0.995539 0.994267 2.494005 
77 0.001875 0.996663 0.995777 2.495406 
78 0.001875 0.997590 0.997014 2.496572 
79 0.001875 0.998345 0.998014 2.497531 
80 0.001875 0.998952 0.998811 2.498311 
81 0.001875 0.999432 0.999437 2.498938 
82 0.001875 0.999807 0.999920 2.499434 
83 0.001875 1.000094 1.000286 2.499820 
84 0.001875 1.000308 1.000555 2.500115 
85 0.001875 1.000464 1.000746 2.500335 
86 0.001875 1.000571 1.000875 2.500494 
87 0.001875 1.000641 1.000956 2.500603 
88 0.001875 1.000681 1.000998 2.500673 
89 0.001875 1.000698 1.001011 2.500713 
90 0.001875 1.000698 1.001002 2.500729 
91 0.001875 1.000685 1.000977 2.500728 
92 0.001875 1.000663 1.000941 2.500714 
93 0.001875 1.000634 1.000897 2.500691 
94 0.001875 1.000601 1.000847 2.500661 
95 0.001875 1.000566 1.000795 2.500628 
96 0.001875 1.000529 1.000741 2.500591 
97 0.001875 1.000491 1.000687 2.500553 
98 0.001875 1.000454 1.000633 2.500515 
99 0.001875 1.000417 1.000581 2.500476 
100 0.001875 1.000382 1.000530 2.500439 
101 0.001875 1.000348 1.000482 2.500402 
102 0.001875 1.000316 1.000436 2.500367 
103 0.001875 1.000285 1.000393 2.500333 
104 0.001875 1.000256 1.000353 2.500301 
105 0.001875 1.000230 1.000315 2.500271 
106 0.001875 1.000205 1.000280 2.500243 
107 0.001875 1.000182 1.000248 2.500217 
108 0.001875 1.000161 1.000219 2.500193 
109 0.001875 1.000142 1.000193 2.500171 
110 0.001875 1.000125 1.000169 2.500151 
111 0.001875 1.000109 1.000147 2.500133 
112 0.001875 1.000095 1.000128 2.500116 
113 0.001875 1.000082 1.000110 2.500101 
114 0.001875 1.000071 1.000095 2.500088 
115 0.001875 1.000061 1.000082 2.500076 
116 0.001875 1.000052 1.000070 2.500065 
117 0.001875 1.000045 1.000059 2.500056 
118 0.001875 1.000038 1.000050 2.500048 
119 0.001875 1.000032 1.000042 2.500041 
120 0.001875 1.000027 1.000035 2.500034 
121 0.001875 1.000023 1.000029 2.500029 
122 0.001875 1.000019 1.000024 2.500024 
123 0.001875 1.000016 1.000020 2.500020 
124 0.001875 1.000013 1.000017 2.500017 
125 0.001875 1.000011 1.000014 2.500014 
126 0.001875 1.000009 1.000011 2.500011 
127 0.001875 1.000007 1.000009 2.500009 
128 0.001875 1.000006 1.000007 2.500008 
129 0.001875 1.000005 1.000006 2.500006 
130 0.001875 1.000004 1.000004 2.500005 
131 0.001875 1.000003 1.000004 2.500004 
132 0.001875 1.000002 1.000003 2.500003 
133 0.001875 1.000002 1.000002 2.500002 
134 0.001875 1.000001 1.000002 2.500002 
135 0.001875 1.000001 1.000001 2.500001 
136 0.001875 1.000001 1.000001 2.500001 
137 0.001875 1.000001 1.000001 2.500001 
138 0.001875 1.000000 1.000000 2.500001 
139 0.001875 1.000000 1.000000 2.500000 
140 0.001875 1.000000 1.000000 2.500000 
141 0.001875 1.000000 1.000000 2.500000 
142 0.001875 1.000000 1.000000 2.500000 
143 0.001875 1.000000 1.000000 2.500000 
144 0.001875 1.000000 1.000000 2.500000 
145 0.001875 1.000000 1.000000 2.500000 
146 0.001875 1.000000 1.000000 2.500000 
147 0.001875 1.000000 1.000000 2.500000 
148 0.001875 1.000000 1.000000 2.500000 
149 0.001875 1.000000 1.000000 2.500000 
150 0.001875 1.000000 1.000000 2.500000 
151 0.001875 1.000000 1.000000 2.500000 
152 0.001875 1.000000 1.000000 2.500000 
153 0.001875 1.000000 1.000000 2.500000 
154 0.001875 1.000000 1.000000 2.500000 
155 0.001875 1.000000 1.000000 2.500000 
156 0.001875 1.000000 1.000000 2.500000 
157 0.001875 1.000000 1.000000 2.500000 
158 0.001875 1.000000 1.000000 2.500000 
159 0.001875 1.000000 1.000000 2.500000 
160 0.001875 1.000000 1.000000 2.500000 
161 0.001875 1.000000 1.000000 2.500000 
162 0.001875 1.000000 1.000000 2.500000 
163 0.001875 1.000000 1.000000 2.500000 
164 0.001875 1.000000 1.000000 2.500000 
165 0.001875 1.000000 1.000000 2.500000 
166 0.001875 1.000000 1.000000 2.500000 
167 0.001875 1.000000 1.000000 2.500000 
168 0.001875 1.000000 1.000000 2.500000 
169 0.001875 1.000000 1.000000 2.500000 
170 0.001875 1.000000 1.000000 2.500000 
171 0.001875 1.000000 1.000000 2.500000 
172 0.001875 1.000000 1.000000 2.500000 
173 0.001875 1.000000 1.000000 2.500000 
174 0.001875 1.000000 1.000000 2.500000 
175 0.001875 1.000000 1.000000 2.500000 
176 0.001875 1.000000 1.000000 2.500000 
177 0.001875 1.000000 1.000000 2.500000 
178 0.001875 1.000000 1.000000 2.500000 
179 0.001875 1.000000 1.000000 2.500000 
180 0.001875 1.000000 1.000000 2.500000 
181 0.001875 1.000000 1.000000 2.500000 
182 0.001875 1.000000 1.000000 2.500000 
183 0.001875 1.000000 1.000000 2.500001 
184 0.001875 1.000000 1.000001 2.500001 
185 0.001875 1.000001 1.000001 2.500001 
186 0.001875 1.000001 1.000001 2.500001 
187 0.001875 1.000001 1.000001 2.500002 
188 0.001875 1.000001 1.000002 2.500002 
189 0.001875 1.000002 1.000002 2.500003 
190 0.001875 1.000002 1.000003 2.500003 
191 0.001875 1.000003 1.000004 2.500004 
192 0.001875 1.000004 1.000005 2.500005 
193 0.001875 1.000005 1.000006 2.500006 
194 0.001875 1.000006 1.000008 2.500008 
195 0.001875 1.000007 1.000009 2.500010 
196 0.001875 1.000009 1.000012 2.500012 
197 0.001875 1.000011 1.000014 2.500014 
198 0.001875 1.000013 1.000017 2.500017 
199 0.001875 1.000016 1.000021 2.500021 
200 0.001875 1.000019 1.000025 2.500025 
201 0.001875 1.000023 1.000030 2.500029 
202 0.001875 1.000027 1.000036 2.500035 
203 0.001875 1.000032 1.000043 2.500041 
204 0.001875 1.000038 1.000051 2.500048 
205 0.001875 1.000045 1.000060 2.500056 
206 0.001875 1.000052 1.000070 2.500065 
207 0.001875 1.000061 1.000081 2.500075 
208 0.001875 1.000070 1.000094 2.500086 
209 0.001875 1.000081 1.000109 2.500099 
210 0.001875 1.000093 1.000126 2.500113 
211 0.001875 1.000107 1.000144 2.500129 
212 0.001875 1.000121 1.000165 2.500146 
213 0.001875 1.000138 1.000188 2.500165 
214 0.001875 1.000156 1.000213 2.500186 
215 0.001875 1.000175 1.000240 2.500208 
216 0.001875 1.000197 1.000270 2.500232 
217 0.001875 1.000220 1.000302 2.500258 
218 0.001875 1.000244 1.000337 2.500286 
219 0.001875 1.000271 1.000374 2.500315 
220 0.001875 1.000298 1.000413 2.500345 
221 0.001875 1.000328 1.000455 2.500377 
222 0.001875 1.000358 1.000498 2.500409 
223 0.001875 1.000390 1.000543 2.500442 
224 0.001875 1.000422 1.000590 2.500475 
225 0.001875 1.000454 1.000636 2.500508 
226 0.001875 1.000486 1.000683 2.500539 
227 0.001875 1.000517 1.000728 2.500569 
228 0.001875 1.000545 1.000770 2.500594 
229 0.001875 1.000569 1.000808 2.500613 
230 0.001875 1.000588 1.000839 2.500625 
231 0.001875 1.000598 1.000860 2.500625 
232 0.001875 1.000597 1.000866 2.500609 
233 0.001875 1.000581 1.000853 2.500572 
234 0.001875 1.000544 1.000813 2.500508 
235 0.001875 1.000480 1.000740 2.500409 
236 0.001875 1.000383 1.000623 2.500267 
237 0.001875 1.000243 1.000451 2.500069 
238 0.001875 1.000051 1.000210 2.499804 
239 0.001875 0.999792 0.999881 2.499456 
240 0.001875 0.999454 0.999446 2.499009 
241 0.001875 0.999020 0.998880 2.498442 
242 0.001875 0.998470 0.998158 2.497735 
243 0.001875 0.997783 0.997249 2.496862 
244 0.001875 0.996939 0.996123 2.495799 
245 0.001875 0.995912 0.994746 2.494519 
246 0.001875 0.994679 0.993085 2.492995 
247 0.001875 0.993218 0.991107 2.491202 
248 0.001875 0.991506 0.988781 2.489116 
249 0.001875 0.989520 0.986075 2.486712 
250 0.001875 0.987240 0.982959 2.483970 
251 0.001875 0.984644 0.979404 2.480868 
252 0.001875 0.981710 0.975377 2.477383 
253 0.001875 0.978414 0.970846 2.473494 
254 0.001875 0.974731 0.965776 2.469177 
255 0.001875 0.970636 0.960133 2.464405 
256 0.001875 0.966105 0.953883 2.459153 
257 0.001875 0.961113 0.946997 2.453394 
258 0.001875 0.955642 0.939453 2.447107 
259 0.001875 0.949682 0.931241 2.440273 
260 0.001875 0.943225 0.922358 2.432882 
261 0.001875 0.936275 0.912815 2.424934 
262 0.001875 0.928845 0.902641 2.416442 
263 0.001875 0.920959 0.891874 2.407433 
264 0.001875 0.912647 0.880563 2.397942 
265 0.001875 0.903942 0.868764 2.388013 
266 0.001875 0.894877 0.856527 2.377687 
267 0.001875 0.885478 0.843891 2.366998 
268 0.001875 0.875757 0.830878 2.355968 
269 0.001875 0.865717 0.817492 2.344597 
270 0.001875 0.855349 0.803726 2.332864 
271 0.001875 0.844636 0.789565 2.320733 
272 0.001875 0.833559 0.774992 2.308155 
273 0.001875 0.822113 0.760012 2.295096 
274 0.001875 0.810317 0.744664 2.281553 
275 0.001875 0.798215 0.729017 2.267546 
276 0.001875 0.785875 0.713178 2.253143 
277 0.001875 0.773402 0.697291 2.238442 
278 0.001875 0.760884 0.681481 2.223556 
279 0.001875 0.748416 0.665867 2.208614 
280 0.001875 0.736060 0.650518 2.193708 
281 0.001875 0.723826 0.635442 2.178900 
282 0.001875 0.711727 0.620639 2.164205 
283 0.001875 0.699681 0.605999 2.149550 
284 0.001875 0.687616 0.591424 2.134825 
285 0.001875 0.675440 0.576794 2.119892 
286 0.001875 0.663068 0.562010 2.104605 
287 0.001875 0.650473 0.547048 2.088875 
288 0.001875 0.637691 0.531968 2.072697 
289 0.001875 0.624844 0.516928 2.056203 
290 0.001875 0.612169 0.502216 2.039713 
291 0.001875 0.599965 0.488180 2.023668 
292 0.001875 0.588529 0.475153 2.008553 
293 0.001875 0.578137 0.463423 1.994821 
294 0.001875 0.568884 0.453071 1.982735 
295 0.001875 0.560807 0.444099 1.972430 
296 0.001875 0.553906 0.436489 1.964024 
297 0.001875 0.548221 0.430277 1.957651 
298 0.001875 0.543818 0.425531 1.953427 
299 0.001875 0.540658 0.422188 1.951158 
300 0.001875 0.538497 0.419953 1.950228 
301 0.001875 0.536941 0.418354 1.949684 
302 0.001875 0.535725 0.417030 1.948765 
303 0.001875 0.534890 0.416027 1.947503 
304 0.001875 0.534735 0.415679 1.946323 
305 0.001875 0.535643 0.416375 1.945632 
306 0.001875 0.537587 0.418131 1.945726 
307 0.001875 0.539808 0.420121 1.945813 
308 0.001875 0.541593 0.421601 1.945386 
309 0.001875 0.542552 0.422313 1.944807 
310 0.001875 0.542243 0.422132 1.945136 
311 0.001875 0.540214 0.420851 1.947058 
312 0.001875 0.536501 0.418752 1.951597 
313 0.001875 0.531408 0.416497 1.960503 
314 0.001875 0.524139 0.413634 1.974741 
315 0.001875 0.514971 0.411397 1.999375 
316 0.001875 0.505431 0.412182 2.040775 
317 0.001875 0.494661 0.415264 2.099872 
318 0.001875 0.484737 0.423027 2.181549 
319 0.001875 0.476080 0.437115 2.293820 
320 0.001875 0.469740 0.455981 2.424502 
321 0.001875 0.462101 0.408561 2.208267 
322 0.001875 0.456760 0.442747 2.422250 
323 0.001875 0.452873 0.440635 2.432809 
324 0.001875 0.449095 0.431133 2.402061 
325 0.001875 0.445463 0.424704 2.387054 
326 0.001875 0.443078 0.420186 2.374838 
327 0.001875 0.442236 0.417454 2.363167 
328 0.001875 0.442876 0.417159 2.355980 
329 0.001875 0.445015 0.419528 2.355124 
330 0.001875 0.447784 0.422846 2.357072 
331 0.001875 0.449787 0.425377 2.360276 
332 0.001875 0.449540 0.424784 2.359846 
333 0.001875 0.445604 0.419325 2.353607 
334 0.001875 0.437055 0.407590 2.337202 
335 0.001875 0.423446 0.389125 2.309199 
336 0.001875 0.404968 0.364377 2.267929 
337 0.001875 0.382088 0.334218 2.213152 
338 0.001875 0.355919 0.300337 2.145312 
339 0.001875 0.328569 0.266008 2.067601 
340 0.001875 0.303036 0.235460 1.987594 
341 0.001875 0.282120 0.211926 1.915823 
342 0.001875 0.267330 0.196292 1.861507 
343 0.001875 0.258283 0.187244 1.827141 
344 0.001875 0.253496 0.182668 1.808666 
345 0.001875 0.251289 0.180632 1.800095 
346 0.001875 0.250402 0.179839 1.796622 
347 0.001875 0.250097 0.179576 1.795406 
348 0.001875 0.250012 0.179507 1.795058 
349 0.001875 0.249997 0.179496 1.794990 
350 0.001875 0.249998 0.179498 1.794990 
351 0.001875 0.249999 0.179499 1.794997 
352 0.001875 0.250000 0.179500 1.795000 
353 0.001875 0.250000 0.179500 1.795000 
354 0.001875 0.250000 0.179500 1.795000 
355 0.001875 0.250000 0.179500 1.795000 
356 0.001875 0.250000 0.179500 1.795000 
357 0.001875 0.250000 0.179500 1.795000 
358 0.001875 0.250000 0.179500 1.795000 
359 0.001875 0.250000 0.179500 1.795000 
360 0.001875 0.250000 0.179500 1.795000 
361 0.001875 0.250000 0.179500 1.795000 
362 0.001875 0.250000 0.179500 1.795000 
363 0.001875 0.250000 0.179500 1.795000 
364 0.001875 0.250000 0.179500 1.795000 
365 0.001875 0.250000 0.179500 1.795000 
366 0.001875 0.250000 0.179500 1.795000 
367 0.001875 0.250000 0.179500 1.795000 
368 0.001875 0.250000 0.179500 1.795000 
369 0.001875 0.250000 0.179500 1.795000 
370 0.001875 0.250000 0.179500 1.795001 
371 0.001875 0.250001 0.179501 1.795003 
372 0.001875 0.250002 0.179502 1.795007 
373 0.001875 0.250004 0.179504 1.795016 
374 0.001875 0.250009 0.179509 1.795034 
375 0.001875 0.250019 0.179518 1.795067 
376 0.001875 0.250035 0.179534 1.795122 
377 0.001875 0.250061 0.179560 1.795208 
378 0.001875 0.250099 0.179598 1.795329 
379 0.001875 0.250148 0.179648 1.795479 
380 0.001875 0.250199 0.179702 1.795624 
381 0.001875 0.250222 0.179731 1.795647 
382 0.001875 0.250115 0.179639 1.795182 
383 0.001875 0.249660 0.179214 1.793458 
384 0.001875 0.248466 0.178063 1.789193 
385 0.001875 0.245965 0.175601 1.780587 
386 0.001875 0.241678 0.171353 1.766195 
387 0.001875 0.235494 0.165228 1.745925 
388 0.001875 0.227444 0.157305 1.720162 
389 0.001875 0.217759 0.147909 1.689168 
390 0.001875 0.207690 0.138392 1.656715 
391 0.001875 0.197243 0.128752 1.622650 
392 0.001875 0.183117 0.115972 1.573014 
393 0.001875 0.165844 0.100938 1.507470 
394 0.001875 0.145833 0.084469 1.425998 
395 0.001875 0.115298 0.060526 1.294183 
396 0.001875 0.091741 0.043921 1.191555 
397 0.001875 0.084656 0.039237 1.158241 
398 0.001875 0.083482 0.038344 1.148277 
399 0.001875 0.083341 0.039590 1.187582 
400 0.001875 0.083333 0.047363 1.420900 
