1600
1 0.000013 0.0000790.000013 0.000079
2 0.000013 0.0004600.000038 0.000050
3 0.000013 0.0005150.000063 0.000009
4 0.000013 0.0005440.000088 0.000006
5 0.000013 0.0005500.000113 0.000003
6 0.000013 0.0005530.000138 0.000002
7 0.000013 0.0005540.000163 0.000001
8 0.000013 0.0005540.000188 0.000000
9 0.000013 0.0005540.000213 0.000000
10 0.000013 0.0005540.000238 0.000000
11 0.000013 0.0005540.000263 0.000000
12 0.000013 0.0005540.000288 0.000000
13 0.000013 0.0005540.000313 0.000000
14 0.000013 0.0005540.000338 -0.000000
15 0.000013 0.0005540.000363 0.000000
16 0.000013 0.0005540.000388 0.000000
17 0.000013 0.0005540.000413 -0.000000
18 0.000013 0.0005540.000438 -0.000000
19 0.000013 0.0005540.000463 -0.000000
20 0.000013 0.0005540.000488 0.000000
21 0.000013 0.0005540.000513 0.000000
22 0.000013 0.0005540.000538 -0.000000
23 0.000013 0.0005540.000562 0.000000
24 0.000013 0.0005540.000587 -0.000000
25 0.000013 0.0005540.000613 0.000000
26 0.000013 0.0005540.000638 -0.000000
27 0.000013 0.0005540.000663 -0.000000
28 0.000013 0.0005540.000687 -0.000000
29 0.000013 0.0005540.000713 -0.000000
30 0.000013 0.0005540.000738 -0.000000
31 0.000013 0.0005540.000762 -0.000000
32 0.000013 0.0005540.000788 -0.000000
33 0.000013 0.0005540.000813 -0.000000
34 0.000013 0.0005540.000837 -0.000001
35 0.000013 0.0005540.000862 -0.000003
36 0.000013 0.0005540.000887 -0.000007
37 0.000013 0.0005540.000912 -0.000019
38 0.000013 0.0005550.000937 -0.000045
39 0.000013 0.0006180.000962 -0.000173
40 0.000013 0.0006720.000987 -0.000177
41 0.000038 0.0000500.000013 0.000460
42 0.000038 0.0003260.000038 0.000326
43 0.000038 0.0004330.000063 0.000126
44 0.000038 0.0004970.000088 0.000068
45 0.000038 0.0005170.000113 0.000031
46 0.000038 0.0005270.000138 0.000014
47 0.000038 0.0005310.000163 0.000006
48 0.000038 0.0005330.000188 0.000002
49 0.000038 0.0005330.000213 0.000001
50 0.000038 0.0005340.000238 0.000000
51 0.000038 0.0005340.000263 0.000000
52 0.000038 0.0005340.000288 0.000000
53 0.000038 0.0005340.000313 0.000000
54 0.000038 0.0005340.000338 0.000000
55 0.000038 0.0005340.000363 0.000000
56 0.000038 0.0005340.000388 0.000000
57 0.000038 0.0005340.000413 -0.000000
58 0.000038 0.0005340.000438 -0.000000
59 0.000038 0.0005340.000463 -0.000000
60 0.000038 0.0005340.000488 -0.000000
61 0.000038 0.0005340.000513 0.000000
62 0.000038 0.0005340.000538 -0.000000
63 0.000038 0.0005340.000562 0.000000
64 0.000038 0.0005340.000587 0.000000
65 0.000038 0.0005340.000613 -0.000000
66 0.000038 0.0005340.000638 -0.000000
67 0.000038 0.0005340.000663 -0.000000
68 0.000038 0.0005340.000687 -0.000000
69 0.000038 0.0005340.000713 -0.000000
70 0.000038 0.0005340.000738 -0.000000
71 0.000038 0.0005340.000762 -0.000000
72 0.000038 0.0005340.000787 -0.000001
73 0.000038 0.0005350.000812 -0.000003
74 0.000038 0.0005360.000837 -0.000007
75 0.000038 0.0005410.000862 -0.000017
76 0.000038 0.0005530.000887 -0.000038
77 0.000038 0.0005810.000912 -0.000089
78 0.000038 0.0006320.000937 -0.000171
79 0.000038 0.0007460.000962 -0.000435
80 0.000038 0.0008910.000987 -0.000581
81 0.000063 0.0000090.000013 0.000515
82 0.000063 0.0001260.000038 0.000433
83 0.000063 0.0002070.000063 0.000207
84 0.000063 0.0002560.000088 0.000118
85 0.000063 0.0002770.000113 0.000055
86 0.000063 0.0002870.000138 0.000026
87 0.000063 0.0002910.000163 0.000011
88 0.000063 0.0002930.000188 0.000004
89 0.000063 0.0002930.000213 0.000002
90 0.000063 0.0002940.000238 0.000001
91 0.000063 0.0002940.000263 0.000000
92 0.000063 0.0002940.000288 0.000000
93 0.000063 0.0002940.000313 0.000000
94 0.000063 0.0002940.000338 0.000000
95 0.000063 0.0002940.000363 0.000000
96 0.000063 0.0002940.000388 0.000000
97 0.000063 0.0002940.000413 -0.000000
98 0.000063 0.0002940.000438 -0.000000
99 0.000063 0.0002940.000463 -0.000000
100 0.000063 0.0002940.000488 -0.000000
101 0.000063 0.0002940.000513 0.000000
102 0.000063 0.0002940.000538 -0.000000
103 0.000063 0.0002940.000562 0.000000
104 0.000063 0.0002940.000587 0.000000
105 0.000063 0.0002940.000613 -0.000000
106 0.000063 0.0002940.000638 -0.000000
107 0.000063 0.0002940.000663 -0.000000
108 0.000063 0.0002940.000687 -0.000000
109 0.000063 0.0002940.000713 -0.000000
110 0.000063 0.0002940.000738 -0.000000
111 0.000063 0.0002940.000762 -0.000001
112 0.000063 0.0002950.000787 -0.000002
113 0.000063 0.0002960.000812 -0.000005
114 0.000063 0.0003010.000837 -0.000011
115 0.000063 0.0003130.000862 -0.000027
116 0.000063 0.0003410.000887 -0.000060
117 0.000063 0.0004010.000912 -0.000130
118 0.000063 0.0005200.000937 -0.000231
119 0.000063 0.0007060.000962 -0.000471
120 0.000063 0.0009470.000987 -0.000548
121 0.000088 0.0000060.000013 0.000544
122 0.000088 0.0000680.000038 0.000497
123 0.000088 0.0001180.000063 0.000256
124 0.000088 0.0001510.000088 0.000151
125 0.000088 0.0001670.000113 0.000073
126 0.000088 0.0001740.000138 0.000034
127 0.000088 0.0001780.000163 0.000015
128 0.000088 0.0001790.000188 0.000006
129 0.000088 0.0001800.000213 0.000002
130 0.000088 0.0001800.000238 0.000001
131 0.000088 0.0001800.000263 0.000000
132 0.000088 0.0001800.000288 0.000000
133 0.000088 0.0001800.000313 0.000000
134 0.000088 0.0001800.000338 0.000000
135 0.000088 0.0001800.000363 0.000000
136 0.000088 0.0001800.000388 0.000000
137 0.000088 0.0001800.000413 -0.000000
138 0.000088 0.0001800.000438 -0.000000
139 0.000088 0.0001800.000463 -0.000000
140 0.000088 0.0001800.000488 -0.000000
141 0.000088 0.0001800.000513 0.000000
142 0.000088 0.0001800.000538 -0.000000
143 0.000088 0.0001800.000562 0.000000
144 0.000088 0.0001800.000587 0.000000
145 0.000088 0.0001800.000613 -0.000000
146 0.000088 0.0001800.000638 -0.000000
147 0.000088 0.0001800.000663 -0.000000
148 0.000088 0.0001800.000687 -0.000000
149 0.000088 0.0001800.000713 -0.000000
150 0.000088 0.0001800.000738 -0.000000
151 0.000088 0.0001810.000762 -0.000001
152 0.000088 0.0001820.000787 -0.000002
153 0.000088 0.0001840.000812 -0.000006
154 0.000088 0.0001910.000837 -0.000015
155 0.000088 0.0002090.000862 -0.000035
156 0.000088 0.0002500.000887 -0.000075
157 0.000088 0.0003340.000912 -0.000157
158 0.000088 0.0004910.000937 -0.000269
159 0.000088 0.0007110.000962 -0.000515
160 0.000088 0.0009640.000987 -0.000555
161 0.000113 0.0000030.000013 0.000550
162 0.000113 0.0000310.000038 0.000517
163 0.000113 0.0000550.000063 0.000277
164 0.000113 0.0000730.000088 0.000167
165 0.000113 0.0000820.000113 0.000082
166 0.000113 0.0000870.000138 0.000039
167 0.000113 0.0000900.000163 0.000017
168 0.000113 0.0000910.000188 0.000007
169 0.000113 0.0000910.000213 0.000003
170 0.000113 0.0000910.000238 0.000001
171 0.000113 0.0000910.000263 0.000000
172 0.000113 0.0000910.000288 0.000000
173 0.000113 0.0000910.000313 0.000000
174 0.000113 0.0000910.000338 0.000000
175 0.000113 0.0000910.000363 0.000000
176 0.000113 0.0000910.000388 0.000000
177 0.000113 0.0000910.000413 -0.000000
178 0.000113 0.0000910.000438 -0.000000
179 0.000113 0.0000910.000463 -0.000000
180 0.000113 0.0000910.000488 -0.000000
181 0.000113 0.0000910.000513 0.000000
182 0.000113 0.0000910.000538 -0.000000
183 0.000113 0.0000910.000562 0.000000
184 0.000113 0.0000910.000587 0.000000
185 0.000113 0.0000910.000613 -0.000000
186 0.000113 0.0000910.000638 -0.000000
187 0.000113 0.0000910.000663 -0.000000
188 0.000113 0.0000910.000687 -0.000000
189 0.000113 0.0000910.000713 -0.000000
190 0.000113 0.0000910.000738 -0.000000
191 0.000113 0.0000920.000762 -0.000001
192 0.000113 0.0000930.000787 -0.000003
193 0.000113 0.0000960.000812 -0.000007
194 0.000113 0.0001050.000837 -0.000017
195 0.000113 0.0001270.000862 -0.000040
196 0.000113 0.0001770.000887 -0.000084
197 0.000113 0.0002740.000912 -0.000170
198 0.000113 0.0004530.000937 -0.000282
199 0.000113 0.0006970.000962 -0.000524
200 0.000113 0.0009660.000987 -0.000553
201 0.000138 0.0000020.000013 0.000553
202 0.000138 0.0000140.000038 0.000527
203 0.000138 0.0000260.000063 0.000287
204 0.000138 0.0000340.000088 0.000174
205 0.000138 0.0000390.000113 0.000087
206 0.000138 0.0000420.000138 0.000042
207 0.000138 0.0000440.000163 0.000018
208 0.000138 0.0000440.000188 0.000008
209 0.000138 0.0000440.000213 0.000003
210 0.000138 0.0000450.000238 0.000001
211 0.000138 0.0000450.000263 0.000000
212 0.000138 0.0000450.000288 0.000000
213 0.000138 0.0000450.000313 0.000000
214 0.000138 0.0000450.000338 0.000000
215 0.000138 0.0000450.000363 0.000000
216 0.000138 0.0000450.000388 0.000000
217 0.000138 0.0000450.000413 0.000000
218 0.000138 0.0000450.000438 -0.000000
219 0.000138 0.0000450.000463 -0.000000
220 0.000138 0.0000450.000488 -0.000000
221 0.000138 0.0000450.000513 0.000000
222 0.000138 0.0000450.000538 -0.000000
223 0.000138 0.0000450.000562 0.000000
224 0.000138 0.0000450.000587 0.000000
225 0.000138 0.0000450.000613 -0.000000
226 0.000138 0.0000450.000638 -0.000000
227 0.000138 0.0000450.000663 -0.000000
228 0.000138 0.0000450.000687 -0.000000
229 0.000138 0.0000450.000713 -0.000000
230 0.000138 0.0000450.000738 -0.000000
231 0.000138 0.0000450.000762 -0.000001
232 0.000138 0.0000470.000787 -0.000003
233 0.000138 0.0000500.000812 -0.000008
234 0.000138 0.0000610.000837 -0.000018
235 0.000138 0.0000850.000862 -0.000042
236 0.000138 0.0001390.000887 -0.000088
237 0.000138 0.0002440.000912 -0.000176
238 0.000138 0.0004340.000937 -0.000289
239 0.000138 0.0006880.000962 -0.000530
240 0.000138 0.0009660.000987 -0.000554
241 0.000163 0.0000010.000013 0.000554
242 0.000163 0.0000060.000038 0.000531
243 0.000163 0.0000110.000063 0.000291
244 0.000163 0.0000150.000088 0.000178
245 0.000163 0.0000170.000113 0.000090
246 0.000163 0.0000180.000138 0.000044
247 0.000163 0.0000190.000163 0.000019
248 0.000163 0.0000190.000188 0.000008
249 0.000163 0.0000200.000213 0.000003
250 0.000163 0.0000200.000238 0.000001
251 0.000163 0.0000200.000263 0.000000
252 0.000163 0.0000200.000288 0.000000
253 0.000163 0.0000200.000313 0.000000
254 0.000163 0.0000200.000338 0.000000
255 0.000163 0.0000200.000363 0.000000
256 0.000163 0.0000200.000388 0.000000
257 0.000163 0.0000200.000413 0.000000
258 0.000163 0.0000200.000438 -0.000000
259 0.000163 0.0000200.000463 -0.000000
260 0.000163 0.0000200.000488 -0.000000
261 0.000163 0.0000200.000513 0.000000
262 0.000163 0.0000200.000538 -0.000000
263 0.000163 0.0000200.000562 0.000000
264 0.000163 0.0000200.000587 0.000000
265 0.000163 0.0000200.000613 -0.000000
266 0.000163 0.0000200.000638 -0.000000
267 0.000163 0.0000200.000663 -0.000000
268 0.000163 0.0000200.000687 -0.000000
269 0.000163 0.0000200.000713 -0.000000
270 0.000163 0.0000200.000738 -0.000000
271 0.000163 0.0000200.000762 -0.000001
272 0.000163 0.0000220.000787 -0.000003
273 0.000163 0.0000260.000812 -0.000008
274 0.000163 0.0000370.000837 -0.000019
275 0.000163 0.0000620.000862 -0.000044
276 0.000163 0.0001190.000887 -0.000090
277 0.000163 0.0002270.000912 -0.000178
278 0.000163 0.0004230.000937 -0.000292
279 0.000163 0.0006830.000962 -0.000532
280 0.000163 0.0009650.000987 -0.000554
281 0.000188 0.0000000.000013 0.000554
282 0.000188 0.0000020.000038 0.000533
283 0.000188 0.0000040.000063 0.000293
284 0.000188 0.0000060.000088 0.000179
285 0.000188 0.0000070.000113 0.000091
286 0.000188 0.0000080.000138 0.000044
287 0.000188 0.0000080.000163 0.000019
288 0.000188 0.0000080.000188 0.000008
289 0.000188 0.0000080.000213 0.000003
290 0.000188 0.0000080.000238 0.000001
291 0.000188 0.0000080.000263 0.000000
292 0.000188 0.0000080.000288 0.000000
293 0.000188 0.0000080.000313 0.000000
294 0.000188 0.0000080.000338 0.000000
295 0.000188 0.0000080.000363 0.000000
296 0.000188 0.0000080.000388 0.000000
297 0.000188 0.0000080.000413 0.000000
298 0.000188 0.0000080.000438 -0.000000
299 0.000188 0.0000080.000463 -0.000000
300 0.000188 0.0000080.000488 -0.000000
301 0.000188 0.0000080.000513 0.000000
302 0.000188 0.0000080.000538 -0.000000
303 0.000188 0.0000080.000562 0.000000
304 0.000188 0.0000080.000587 0.000000
305 0.000188 0.0000080.000613 -0.000000
306 0.000188 0.0000080.000638 -0.000000
307 0.000188 0.0000080.000663 -0.000000
308 0.000188 0.0000080.000687 -0.000000
309 0.000188 0.0000080.000713 -0.000000
310 0.000188 0.0000080.000738 -0.000000
311 0.000188 0.0000090.000762 -0.000001
312 0.000188 0.0000100.000787 -0.000003
313 0.000188 0.0000150.000812 -0.000008
314 0.000188 0.0000260.000837 -0.000019
315 0.000188 0.0000520.000862 -0.000044
316 0.000188 0.0001090.000887 -0.000091
317 0.000188 0.0002200.000912 -0.000179
318 0.000188 0.0004170.000937 -0.000293
319 0.000188 0.0006800.000962 -0.000533
320 0.000188 0.0009650.000987 -0.000554
321 0.000213 0.0000000.000013 0.000554
322 0.000213 0.0000010.000038 0.000533
323 0.000213 0.0000020.000063 0.000293
324 0.000213 0.0000020.000088 0.000180
325 0.000213 0.0000030.000113 0.000091
326 0.000213 0.0000030.000138 0.000044
327 0.000213 0.0000030.000163 0.000020
328 0.000213 0.0000030.000188 0.000008
329 0.000213 0.0000030.000213 0.000003
330 0.000213 0.0000030.000238 0.000001
331 0.000213 0.0000030.000263 0.000000
332 0.000213 0.0000030.000288 0.000000
333 0.000213 0.0000030.000313 0.000000
334 0.000213 0.0000030.000338 0.000000
335 0.000213 0.0000030.000363 0.000000
336 0.000213 0.0000030.000388 0.000000
337 0.000213 0.0000030.000413 0.000000
338 0.000213 0.0000030.000438 -0.000000
339 0.000213 0.0000030.000463 -0.000000
340 0.000213 0.0000030.000488 -0.000000
341 0.000213 0.0000030.000513 0.000000
342 0.000213 0.0000030.000538 -0.000000
343 0.000213 0.0000030.000562 0.000000
344 0.000213 0.0000030.000587 0.000000
345 0.000213 0.0000030.000613 -0.000000
346 0.000213 0.0000030.000638 -0.000000
347 0.000213 0.0000030.000663 -0.000000
348 0.000213 0.0000030.000687 -0.000000
349 0.000213 0.0000030.000713 -0.000000
350 0.000213 0.0000030.000738 -0.000000
351 0.000213 0.0000040.000762 -0.000001
352 0.000213 0.0000060.000787 -0.000003
353 0.000213 0.0000100.000812 -0.000008
354 0.000213 0.0000210.000837 -0.000020
355 0.000213 0.0000470.000862 -0.000044
356 0.000213 0.0001050.000887 -0.000091
357 0.000213 0.0002170.000912 -0.000180
358 0.000213 0.0004150.000937 -0.000293
359 0.000213 0.0006790.000962 -0.000533
360 0.000213 0.0009650.000987 -0.000554
361 0.000238 0.0000000.000013 0.000554
362 0.000238 0.0000000.000038 0.000534
363 0.000238 0.0000010.000063 0.000294
364 0.000238 0.0000010.000088 0.000180
365 0.000238 0.0000010.000113 0.000091
366 0.000238 0.0000010.000138 0.000045
367 0.000238 0.0000010.000163 0.000020
368 0.000238 0.0000010.000188 0.000008
369 0.000238 0.0000010.000213 0.000003
370 0.000238 0.0000010.000238 0.000001
371 0.000238 0.0000010.000263 0.000000
372 0.000238 0.0000010.000288 0.000000
373 0.000238 0.0000010.000313 0.000000
374 0.000238 0.0000010.000338 0.000000
375 0.000238 0.0000010.000363 0.000000
376 0.000238 0.0000010.000388 0.000000
377 0.000238 0.0000010.000413 0.000000
378 0.000238 0.0000010.000438 -0.000000
379 0.000238 0.0000010.000463 -0.000000
380 0.000238 0.0000010.000488 -0.000000
381 0.000238 0.0000010.000513 0.000000
382 0.000238 0.0000010.000538 -0.000000
383 0.000238 0.0000010.000562 0.000000
384 0.000238 0.0000010.000587 0.000000
385 0.000238 0.0000010.000613 -0.000000
386 0.000238 0.0000010.000638 -0.000000
387 0.000238 0.0000010.000663 -0.000000
388 0.000238 0.0000010.000687 -0.000000
389 0.000238 0.0000010.000713 -0.000000
390 0.000238 0.0000010.000738 -0.000000
391 0.000238 0.0000020.000762 -0.000001
392 0.000238 0.0000040.000787 -0.000003
393 0.000238 0.0000080.000812 -0.000008
394 0.000238 0.0000190.000837 -0.000020
395 0.000238 0.0000460.000862 -0.000045
396 0.000238 0.0001040.000887 -0.000091
397 0.000238 0.0002150.000912 -0.000180
398 0.000238 0.0004140.000937 -0.000294
399 0.000238 0.0006790.000962 -0.000533
400 0.000238 0.0009650.000987 -0.000554
401 0.000263 0.0000000.000013 0.000554
402 0.000263 0.0000000.000038 0.000534
403 0.000263 0.0000000.000063 0.000294
404 0.000263 0.0000000.000088 0.000180
405 0.000263 0.0000000.000113 0.000091
406 0.000263 0.0000000.000138 0.000045
407 0.000263 0.0000000.000163 0.000020
408 0.000263 0.0000000.000188 0.000008
409 0.000263 0.0000000.000213 0.000003
410 0.000263 0.0000000.000238 0.000001
411 0.000263 0.0000000.000263 0.000000
412 0.000263 0.0000000.000288 0.000000
413 0.000263 0.0000000.000313 0.000000
414 0.000263 0.0000000.000338 0.000000
415 0.000263 0.0000000.000363 0.000000
416 0.000263 0.0000000.000388 0.000000
417 0.000263 0.0000000.000413 0.000000
418 0.000263 0.0000000.000438 -0.000000
419 0.000263 0.0000000.000463 -0.000000
420 0.000263 0.0000000.000488 -0.000000
421 0.000263 0.0000000.000513 0.000000
422 0.000263 0.0000000.000538 -0.000000
423 0.000263 0.0000000.000562 0.000000
424 0.000263 0.0000000.000587 0.000000
425 0.000263 0.0000000.000613 -0.000000
426 0.000263 0.0000000.000638 -0.000000
427 0.000263 0.0000000.000663 -0.000000
428 0.000263 0.0000000.000687 -0.000000
429 0.000263 0.0000000.000713 -0.000000
430 0.000263 0.0000010.000738 -0.000000
431 0.000263 0.0000010.000762 -0.000001
432 0.000263 0.0000030.000787 -0.000003
433 0.000263 0.0000070.000812 -0.000008
434 0.000263 0.0000180.000837 -0.000020
435 0.000263 0.0000450.000862 -0.000045
436 0.000263 0.0001030.000887 -0.000091
437 0.000263 0.0002150.000912 -0.000180
438 0.000263 0.0004140.000937 -0.000294
439 0.000263 0.0006790.000962 -0.000533
440 0.000263 0.0009640.000987 -0.000554
441 0.000288 0.0000000.000013 0.000554
442 0.000288 0.0000000.000038 0.000534
443 0.000288 0.0000000.000063 0.000294
444 0.000288 0.0000000.000088 0.000180
445 0.000288 0.0000000.000113 0.000091
446 0.000288 0.0000000.000138 0.000045
447 0.000288 0.0000000.000163 0.000020
448 0.000288 0.0000000.000188 0.000008
449 0.000288 0.0000000.000213 0.000003
450 0.000288 0.0000000.000238 0.000001
451 0.000288 0.0000000.000263 0.000000
452 0.000288 0.0000000.000288 0.000000
453 0.000288 0.0000000.000313 0.000000
454 0.000288 0.0000000.000338 0.000000
455 0.000288 0.0000000.000363 0.000000
456 0.000288 0.0000000.000388 0.000000
457 0.000288 0.0000000.000413 0.000000
458 0.000288 0.0000000.000438 -0.000000
459 0.000288 0.0000000.000463 -0.000000
460 0.000288 0.0000000.000488 -0.000000
461 0.000288 0.0000000.000513 0.000000
462 0.000288 0.0000000.000538 -0.000000
463 0.000288 0.0000000.000562 0.000000
464 0.000288 0.0000000.000587 0.000000
465 0.000288 0.0000000.000613 -0.000000
466 0.000288 0.0000000.000638 -0.000000
467 0.000288 0.0000000.000663 -0.000000
468 0.000288 0.0000000.000687 -0.000000
469 0.000288 0.0000000.000713 -0.000000
470 0.000288 0.0000000.000738 -0.000000
471 0.000288 0.0000010.000762 -0.000001
472 0.000288 0.0000020.000787 -0.000003
473 0.000288 0.0000070.000812 -0.000008
474 0.000288 0.0000180.000837 -0.000020
475 0.000288 0.0000450.000862 -0.000045
476 0.000288 0.0001030.000887 -0.000091
477 0.000288 0.0002150.000912 -0.000180
478 0.000288 0.0004140.000937 -0.000294
479 0.000288 0.0006790.000962 -0.000533
480 0.000288 0.0009640.000987 -0.000554
481 0.000313 0.0000000.000013 0.000554
482 0.000313 0.0000000.000038 0.000534
483 0.000313 0.0000000.000063 0.000294
484 0.000313 0.0000000.000088 0.000180
485 0.000313 0.0000000.000113 0.000091
486 0.000313 0.0000000.000138 0.000045
487 0.000313 0.0000000.000163 0.000020
488 0.000313 0.0000000.000188 0.000008
489 0.000313 0.0000000.000213 0.000003
490 0.000313 0.0000000.000238 0.000001
491 0.000313 0.0000000.000263 0.000000
492 0.000313 0.0000000.000288 0.000000
493 0.000313 0.0000000.000313 0.000000
494 0.000313 0.0000000.000338 0.000000
495 0.000313 0.0000000.000363 0.000000
496 0.000313 0.0000000.000388 0.000000
497 0.000313 0.0000000.000413 0.000000
498 0.000313 0.0000000.000438 -0.000000
499 0.000313 0.0000000.000463 -0.000000
500 0.000313 0.0000000.000488 -0.000000
501 0.000313 0.0000000.000513 0.000000
502 0.000313 0.0000000.000538 -0.000000
503 0.000313 0.0000000.000562 0.000000
504 0.000313 0.0000000.000587 0.000000
505 0.000313 0.0000000.000613 -0.000000
506 0.000313 0.0000000.000638 -0.000000
507 0.000313 0.0000000.000663 -0.000000
508 0.000313 0.0000000.000687 -0.000000
509 0.000313 0.0000000.000713 -0.000000
510 0.000313 0.0000000.000738 -0.000000
511 0.000313 0.0000010.000762 -0.000001
512 0.000313 0.0000020.000787 -0.000003
513 0.000313 0.0000070.000812 -0.000008
514 0.000313 0.0000180.000837 -0.000020
515 0.000313 0.0000450.000862 -0.000045
516 0.000313 0.0001030.000887 -0.000091
517 0.000313 0.0002150.000912 -0.000180
518 0.000313 0.0004140.000937 -0.000294
519 0.000313 0.0006790.000962 -0.000534
520 0.000313 0.0009640.000987 -0.000554
521 0.000338 -0.0000000.000013 0.000554
522 0.000338 0.0000000.000038 0.000534
523 0.000338 0.0000000.000063 0.000294
524 0.000338 0.0000000.000088 0.000180
525 0.000338 0.0000000.000113 0.000091
526 0.000338 0.0000000.000138 0.000045
527 0.000338 0.0000000.000163 0.000020
528 0.000338 0.0000000.000188 0.000008
529 0.000338 0.0000000.000213 0.000003
530 0.000338 0.0000000.000238 0.000001
531 0.000338 0.0000000.000263 0.000000
532 0.000338 0.0000000.000288 0.000000
533 0.000338 0.0000000.000313 0.000000
534 0.000338 0.0000000.000338 0.000000
535 0.000338 0.0000000.000363 0.000000
536 0.000338 0.0000000.000388 0.000000
537 0.000338 0.0000000.000413 0.000000
538 0.000338 0.0000000.000438 -0.000000
539 0.000338 0.0000000.000463 -0.000000
540 0.000338 0.0000000.000488 -0.000000
541 0.000338 0.0000000.000513 0.000000
542 0.000338 0.0000000.000538 -0.000000
543 0.000338 0.0000000.000562 0.000000
544 0.000338 0.0000000.000587 0.000000
545 0.000338 0.0000000.000613 -0.000000
546 0.000338 0.0000000.000638 -0.000000
547 0.000338 0.0000000.000663 -0.000000
548 0.000338 0.0000000.000687 -0.000000
549 0.000338 0.0000000.000713 -0.000000
550 0.000338 0.0000000.000738 -0.000000
551 0.000338 0.0000010.000762 -0.000001
552 0.000338 0.0000020.000787 -0.000003
553 0.000338 0.0000070.000812 -0.000008
554 0.000338 0.0000180.000837 -0.000020
555 0.000338 0.0000450.000862 -0.000045
556 0.000338 0.0001030.000887 -0.000091
557 0.000338 0.0002150.000912 -0.000180
558 0.000338 0.0004140.000937 -0.000294
559 0.000338 0.0006790.000962 -0.000534
560 0.000338 0.0009640.000987 -0.000554
561 0.000363 0.0000000.000013 0.000554
562 0.000363 0.0000000.000038 0.000534
563 0.000363 0.0000000.000063 0.000294
564 0.000363 0.0000000.000088 0.000180
565 0.000363 0.0000000.000113 0.000091
566 0.000363 0.0000000.000138 0.000045
567 0.000363 0.0000000.000163 0.000020
568 0.000363 0.0000000.000188 0.000008
569 0.000363 0.0000000.000213 0.000003
570 0.000363 0.0000000.000238 0.000001
571 0.000363 0.0000000.000263 0.000000
572 0.000363 0.0000000.000288 0.000000
573 0.000363 0.0000000.000313 0.000000
574 0.000363 0.0000000.000338 0.000000
575 0.000363 0.0000000.000363 0.000000
576 0.000363 0.0000000.000388 0.000000
577 0.000363 0.0000000.000413 0.000000
578 0.000363 0.0000000.000438 -0.000000
579 0.000363 0.0000000.000463 -0.000000
580 0.000363 0.0000000.000488 -0.000000
581 0.000363 0.0000000.000513 0.000000
582 0.000363 0.0000000.000538 -0.000000
583 0.000363 0.0000000.000562 0.000000
584 0.000363 0.0000000.000587 0.000000
585 0.000363 0.0000000.000613 -0.000000
586 0.000363 0.0000000.000638 -0.000000
587 0.000363 0.0000000.000663 -0.000000
588 0.000363 0.0000000.000687 -0.000000
589 0.000363 0.0000000.000713 -0.000000
590 0.000363 0.0000000.000738 -0.000000
591 0.000363 0.0000010.000762 -0.000001
592 0.000363 0.0000020.000787 -0.000003
593 0.000363 0.0000070.000812 -0.000008
594 0.000363 0.0000180.000837 -0.000020
595 0.000363 0.0000450.000862 -0.000045
596 0.000363 0.0001030.000887 -0.000091
597 0.000363 0.0002150.000912 -0.000180
598 0.000363 0.0004140.000937 -0.000294
599 0.000363 0.0006790.000962 -0.000534
600 0.000363 0.0009640.000987 -0.000554
601 0.000388 0.0000000.000013 0.000554
602 0.000388 0.0000000.000038 0.000534
603 0.000388 0.0000000.000063 0.000294
604 0.000388 0.0000000.000088 0.000180
605 0.000388 0.0000000.000113 0.000091
606 0.000388 0.0000000.000138 0.000045
607 0.000388 0.0000000.000163 0.000020
608 0.000388 0.0000000.000188 0.000008
609 0.000388 0.0000000.000213 0.000003
610 0.000388 0.0000000.000238 0.000001
611 0.000388 0.0000000.000263 0.000000
612 0.000388 0.0000000.000288 0.000000
613 0.000388 0.0000000.000313 0.000000
614 0.000388 0.0000000.000338 0.000000
615 0.000388 0.0000000.000363 0.000000
616 0.000388 0.0000000.000388 0.000000
617 0.000388 0.0000000.000413 0.000000
618 0.000388 0.0000000.000438 -0.000000
619 0.000388 0.0000000.000463 -0.000000
620 0.000388 0.0000000.000488 -0.000000
621 0.000388 0.0000000.000513 0.000000
622 0.000388 0.0000000.000538 -0.000000
623 0.000388 0.0000000.000562 0.000000
624 0.000388 0.0000000.000587 0.000000
625 0.000388 0.0000000.000613 -0.000000
626 0.000388 0.0000000.000638 -0.000000
627 0.000388 0.0000000.000663 -0.000000
628 0.000388 0.0000000.000687 -0.000000
629 0.000388 0.0000000.000713 -0.000000
630 0.000388 0.0000000.000738 -0.000000
631 0.000388 0.0000010.000762 -0.000001
632 0.000388 0.0000020.000787 -0.000003
633 0.000388 0.0000070.000812 -0.000008
634 0.000388 0.0000180.000837 -0.000020
635 0.000388 0.0000450.000862 -0.000045
636 0.000388 0.0001030.000887 -0.000091
637 0.000388 0.0002150.000912 -0.000180
638 0.000388 0.0004140.000937 -0.000294
639 0.000388 0.0006790.000962 -0.000534
640 0.000388 0.0009640.000987 -0.000554
641 0.000413 -0.0000000.000013 0.000554
642 0.000413 -0.0000000.000038 0.000534
643 0.000413 -0.0000000.000063 0.000294
644 0.000413 -0.0000000.000088 0.000180
645 0.000413 0.0000000.000113 0.000091
646 0.000413 0.0000000.000138 0.000045
647 0.000413 0.0000000.000163 0.000020
648 0.000413 0.0000000.000188 0.000008
649 0.000413 0.0000000.000213 0.000003
650 0.000413 0.0000000.000238 0.000001
651 0.000413 0.0000000.000263 0.000000
652 0.000413 -0.0000000.000288 0.000000
653 0.000413 0.0000000.000313 0.000000
654 0.000413 0.0000000.000338 0.000000
655 0.000413 0.0000000.000363 0.000000
656 0.000413 0.0000000.000388 0.000000
657 0.000413 0.0000000.000413 0.000000
658 0.000413 0.0000000.000438 -0.000000
659 0.000413 0.0000000.000463 -0.000000
660 0.000413 0.0000000.000488 -0.000000
661 0.000413 0.0000000.000513 0.000000
662 0.000413 0.0000000.000538 -0.000000
663 0.000413 -0.0000000.000562 0.000000
664 0.000413 0.0000000.000587 0.000000
665 0.000413 0.0000000.000613 -0.000000
666 0.000413 0.0000000.000638 -0.000000
667 0.000413 0.0000000.000663 -0.000000
668 0.000413 0.0000000.000687 -0.000000
669 0.000413 0.0000000.000713 -0.000000
670 0.000413 0.0000000.000738 -0.000000
671 0.000413 0.0000010.000762 -0.000001
672 0.000413 0.0000020.000787 -0.000003
673 0.000413 0.0000070.000812 -0.000008
674 0.000413 0.0000180.000837 -0.000020
675 0.000413 0.0000450.000862 -0.000045
676 0.000413 0.0001030.000887 -0.000091
677 0.000413 0.0002150.000912 -0.000180
678 0.000413 0.0004140.000937 -0.000294
679 0.000413 0.0006790.000962 -0.000534
680 0.000413 0.0009640.000987 -0.000554
681 0.000438 -0.0000000.000013 0.000554
682 0.000438 -0.0000000.000038 0.000534
683 0.000438 -0.0000000.000063 0.000294
684 0.000438 -0.0000000.000088 0.000180
685 0.000438 -0.0000000.000113 0.000091
686 0.000438 -0.0000000.000138 0.000045
687 0.000438 -0.0000000.000163 0.000020
688 0.000438 -0.0000000.000188 0.000008
689 0.000438 -0.0000000.000213 0.000003
690 0.000438 -0.0000000.000238 0.000001
691 0.000438 -0.0000000.000263 0.000000
692 0.000438 -0.0000000.000288 0.000000
693 0.000438 -0.0000000.000313 0.000000
694 0.000438 -0.0000000.000338 0.000000
695 0.000438 -0.0000000.000363 0.000000
696 0.000438 -0.0000000.000388 0.000000
697 0.000438 -0.0000000.000413 0.000000
698 0.000438 -0.0000000.000438 -0.000000
699 0.000438 -0.0000000.000463 -0.000000
700 0.000438 -0.0000000.000488 -0.000000
701 0.000438 -0.0000000.000513 0.000000
702 0.000438 -0.0000000.000538 -0.000000
703 0.000438 -0.0000000.000562 0.000000
704 0.000438 -0.0000000.000587 0.000000
705 0.000438 -0.0000000.000613 -0.000000
706 0.000438 -0.0000000.000638 -0.000000
707 0.000438 0.0000000.000663 -0.000000
708 0.000438 0.0000000.000687 -0.000000
709 0.000438 0.0000000.000713 -0.000000
710 0.000438 0.0000000.000738 -0.000000
711 0.000438 0.0000010.000762 -0.000001
712 0.000438 0.0000020.000787 -0.000003
713 0.000438 0.0000070.000812 -0.000008
714 0.000438 0.0000180.000837 -0.000020
715 0.000438 0.0000450.000862 -0.000045
716 0.000438 0.0001030.000887 -0.000091
717 0.000438 0.0002150.000912 -0.000180
718 0.000438 0.0004140.000937 -0.000294
719 0.000438 0.0006790.000962 -0.000534
720 0.000438 0.0009640.000987 -0.000554
721 0.000463 -0.0000000.000013 0.000554
722 0.000463 -0.0000000.000038 0.000534
723 0.000463 -0.0000000.000063 0.000294
724 0.000463 -0.0000000.000088 0.000180
725 0.000463 -0.0000000.000113 0.000091
726 0.000463 -0.0000000.000138 0.000045
727 0.000463 -0.0000000.000163 0.000020
728 0.000463 -0.0000000.000188 0.000008
729 0.000463 -0.0000000.000213 0.000003
730 0.000463 -0.0000000.000238 0.000001
731 0.000463 -0.0000000.000263 0.000000
732 0.000463 -0.0000000.000288 0.000000
733 0.000463 -0.0000000.000313 0.000000
734 0.000463 -0.0000000.000338 0.000000
735 0.000463 -0.0000000.000363 0.000000
736 0.000463 -0.0000000.000388 0.000000
737 0.000463 -0.0000000.000413 0.000000
738 0.000463 -0.0000000.000438 -0.000000
739 0.000463 -0.0000000.000463 -0.000000
740 0.000463 -0.0000000.000488 -0.000000
741 0.000463 -0.0000000.000513 0.000000
742 0.000463 -0.0000000.000538 -0.000000
743 0.000463 -0.0000000.000562 0.000000
744 0.000463 -0.0000000.000587 0.000000
745 0.000463 -0.0000000.000613 -0.000000
746 0.000463 0.0000000.000638 -0.000000
747 0.000463 0.0000000.000663 -0.000000
748 0.000463 0.0000000.000687 -0.000000
749 0.000463 0.0000000.000713 -0.000000
750 0.000463 0.0000000.000738 -0.000000
751 0.000463 0.0000010.000762 -0.000001
752 0.000463 0.0000020.000787 -0.000003
753 0.000463 0.0000070.000812 -0.000008
754 0.000463 0.0000180.000837 -0.000020
755 0.000463 0.0000450.000862 -0.000045
756 0.000463 0.0001030.000887 -0.000091
757 0.000463 0.0002150.000912 -0.000180
758 0.000463 0.0004140.000937 -0.000294
759 0.000463 0.0006790.000962 -0.000534
760 0.000463 0.0009640.000987 -0.000554
761 0.000488 0.0000000.000013 0.000554
762 0.000488 -0.0000000.000038 0.000534
763 0.000488 -0.0000000.000063 0.000294
764 0.000488 -0.0000000.000088 0.000180
765 0.000488 -0.0000000.000113 0.000091
766 0.000488 -0.0000000.000138 0.000045
767 0.000488 -0.0000000.000163 0.000020
768 0.000488 -0.0000000.000188 0.000008
769 0.000488 -0.0000000.000213 0.000003
770 0.000488 -0.0000000.000238 0.000001
771 0.000488 -0.0000000.000263 0.000000
772 0.000488 -0.0000000.000288 0.000000
773 0.000488 -0.0000000.000313 0.000000
774 0.000488 -0.0000000.000338 0.000000
775 0.000488 -0.0000000.000363 0.000000
776 0.000488 -0.0000000.000388 0.000000
777 0.000488 -0.0000000.000413 0.000000
778 0.000488 -0.0000000.000438 -0.000000
779 0.000488 -0.0000000.000463 -0.000000
780 0.000488 -0.0000000.000488 -0.000000
781 0.000488 -0.0000000.000513 0.000000
782 0.000488 -0.0000000.000538 -0.000000
783 0.000488 -0.0000000.000562 0.000000
784 0.000488 -0.0000000.000587 0.000000
785 0.000488 0.0000000.000613 -0.000000
786 0.000488 0.0000000.000638 -0.000000
787 0.000488 0.0000000.000663 -0.000000
788 0.000488 0.0000000.000687 -0.000000
789 0.000488 0.0000000.000713 -0.000000
790 0.000488 0.0000000.000738 -0.000000
791 0.000488 0.0000010.000762 -0.000001
792 0.000488 0.0000020.000787 -0.000003
793 0.000488 0.0000070.000812 -0.000008
794 0.000488 0.0000180.000837 -0.000020
795 0.000488 0.0000450.000862 -0.000045
796 0.000488 0.0001030.000887 -0.000091
797 0.000488 0.0002150.000912 -0.000180
798 0.000488 0.0004140.000937 -0.000294
799 0.000488 0.0006790.000962 -0.000534
800 0.000488 0.0009640.000987 -0.000554
801 0.000513 0.0000000.000013 0.000554
802 0.000513 0.0000000.000038 0.000534
803 0.000513 0.0000000.000063 0.000294
804 0.000513 0.0000000.000088 0.000180
805 0.000513 0.0000000.000113 0.000091
806 0.000513 0.0000000.000138 0.000045
807 0.000513 0.0000000.000163 0.000020
808 0.000513 0.0000000.000188 0.000008
809 0.000513 0.0000000.000213 0.000003
810 0.000513 0.0000000.000238 0.000001
811 0.000513 0.0000000.000263 0.000000
812 0.000513 0.0000000.000288 0.000000
813 0.000513 0.0000000.000313 0.000000
814 0.000513 0.0000000.000338 0.000000
815 0.000513 0.0000000.000363 0.000000
816 0.000513 0.0000000.000388 0.000000
817 0.000513 0.0000000.000413 0.000000
818 0.000513 0.0000000.000438 -0.000000
819 0.000513 0.0000000.000463 -0.000000
820 0.000513 0.0000000.000488 -0.000000
821 0.000513 0.0000000.000513 0.000000
822 0.000513 0.0000000.000538 -0.000000
823 0.000513 0.0000000.000562 0.000000
824 0.000513 0.0000000.000587 0.000000
825 0.000513 0.0000000.000613 -0.000000
826 0.000513 0.0000000.000638 -0.000000
827 0.000513 0.0000000.000663 -0.000000
828 0.000513 0.0000000.000687 -0.000000
829 0.000513 0.0000000.000713 -0.000000
830 0.000513 0.0000000.000738 -0.000000
831 0.000513 0.0000010.000762 -0.000001
832 0.000513 0.0000020.000787 -0.000003
833 0.000513 0.0000070.000812 -0.000008
834 0.000513 0.0000180.000837 -0.000020
835 0.000513 0.0000450.000862 -0.000045
836 0.000513 0.0001030.000887 -0.000091
837 0.000513 0.0002150.000912 -0.000180
838 0.000513 0.0004140.000937 -0.000294
839 0.000513 0.0006790.000962 -0.000534
840 0.000513 0.0009640.000987 -0.000554
841 0.000538 -0.0000000.000013 0.000554
842 0.000538 -0.0000000.000038 0.000534
843 0.000538 -0.0000000.000063 0.000294
844 0.000538 -0.0000000.000088 0.000180
845 0.000538 -0.0000000.000113 0.000091
846 0.000538 -0.0000000.000138 0.000045
847 0.000538 -0.0000000.000163 0.000020
848 0.000538 -0.0000000.000188 0.000008
849 0.000538 -0.0000000.000213 0.000003
850 0.000538 -0.0000000.000238 0.000001
851 0.000538 -0.0000000.000263 0.000000
852 0.000538 -0.0000000.000288 0.000000
853 0.000538 -0.0000000.000313 0.000000
854 0.000538 -0.0000000.000338 0.000000
855 0.000538 -0.0000000.000363 0.000000
856 0.000538 -0.0000000.000388 0.000000
857 0.000538 -0.0000000.000413 0.000000
858 0.000538 -0.0000000.000438 -0.000000
859 0.000538 -0.0000000.000463 -0.000000
860 0.000538 -0.0000000.000488 -0.000000
861 0.000538 -0.0000000.000513 0.000000
862 0.000538 -0.0000000.000538 -0.000000
863 0.000538 -0.0000000.000562 0.000000
864 0.000538 -0.0000000.000587 0.000000
865 0.000538 -0.0000000.000613 -0.000000
866 0.000538 -0.0000000.000638 -0.000000
867 0.000538 0.0000000.000663 -0.000000
868 0.000538 0.0000000.000687 -0.000000
869 0.000538 0.0000000.000713 -0.000000
870 0.000538 0.0000000.000738 -0.000000
871 0.000538 0.0000010.000762 -0.000001
872 0.000538 0.0000020.000787 -0.000003
873 0.000538 0.0000070.000812 -0.000008
874 0.000538 0.0000180.000837 -0.000020
875 0.000538 0.0000450.000862 -0.000045
876 0.000538 0.0001030.000887 -0.000091
877 0.000538 0.0002150.000912 -0.000180
878 0.000538 0.0004140.000937 -0.000294
879 0.000538 0.0006790.000962 -0.000534
880 0.000538 0.0009640.000987 -0.000554
881 0.000562 0.0000000.000013 0.000554
882 0.000562 0.0000000.000038 0.000534
883 0.000562 0.0000000.000063 0.000294
884 0.000562 0.0000000.000088 0.000180
885 0.000562 0.0000000.000113 0.000091
886 0.000562 0.0000000.000138 0.000045
887 0.000562 0.0000000.000163 0.000020
888 0.000562 0.0000000.000188 0.000008
889 0.000562 0.0000000.000213 0.000003
890 0.000562 0.0000000.000238 0.000001
891 0.000562 0.0000000.000263 0.000000
892 0.000562 0.0000000.000288 0.000000
893 0.000562 0.0000000.000313 0.000000
894 0.000562 0.0000000.000338 0.000000
895 0.000562 0.0000000.000363 0.000000
896 0.000562 0.0000000.000388 0.000000
897 0.000562 0.0000000.000413 0.000000
898 0.000562 0.0000000.000438 -0.000000
899 0.000562 0.0000000.000463 -0.000000
900 0.000562 0.0000000.000488 -0.000000
901 0.000562 0.0000000.000513 0.000000
902 0.000562 0.0000000.000538 -0.000000
903 0.000562 0.0000000.000562 0.000000
904 0.000562 0.0000000.000587 0.000000
905 0.000562 0.0000000.000613 -0.000000
906 0.000562 0.0000000.000638 -0.000000
907 0.000562 0.0000000.000663 -0.000000
908 0.000562 0.0000000.000687 -0.000000
909 0.000562 0.0000000.000713 -0.000000
910 0.000562 0.0000000.000738 -0.000000
911 0.000563 0.0000010.000762 -0.000001
912 0.000563 0.0000020.000787 -0.000003
913 0.000563 0.0000070.000812 -0.000008
914 0.000563 0.0000180.000837 -0.000020
915 0.000563 0.0000450.000862 -0.000045
916 0.000563 0.0001030.000887 -0.000091
917 0.000563 0.0002150.000912 -0.000180
918 0.000563 0.0004140.000937 -0.000294
919 0.000563 0.0006790.000962 -0.000534
920 0.000563 0.0009640.000987 -0.000554
921 0.000587 -0.0000000.000013 0.000554
922 0.000587 0.0000000.000038 0.000534
923 0.000587 0.0000000.000063 0.000294
924 0.000587 0.0000000.000088 0.000180
925 0.000587 0.0000000.000113 0.000091
926 0.000587 0.0000000.000138 0.000045
927 0.000587 0.0000000.000163 0.000020
928 0.000587 0.0000000.000188 0.000008
929 0.000587 0.0000000.000213 0.000003
930 0.000587 0.0000000.000238 0.000001
931 0.000587 0.0000000.000263 0.000000
932 0.000587 0.0000000.000288 0.000000
933 0.000587 0.0000000.000313 0.000000
934 0.000587 0.0000000.000338 0.000000
935 0.000587 0.0000000.000363 0.000000
936 0.000587 0.0000000.000388 0.000000
937 0.000587 0.0000000.000413 0.000000
938 0.000587 0.0000000.000438 -0.000000
939 0.000587 0.0000000.000463 -0.000000
940 0.000587 0.0000000.000488 -0.000000
941 0.000587 0.0000000.000513 0.000000
942 0.000587 0.0000000.000538 -0.000000
943 0.000587 0.0000000.000562 0.000000
944 0.000587 0.0000000.000587 0.000000
945 0.000587 0.0000000.000613 -0.000000
946 0.000587 0.0000000.000638 -0.000000
947 0.000587 0.0000000.000663 -0.000000
948 0.000587 0.0000000.000687 -0.000000
949 0.000587 0.0000000.000713 -0.000000
950 0.000587 0.0000000.000738 -0.000000
951 0.000588 0.0000010.000762 -0.000001
952 0.000588 0.0000020.000787 -0.000003
953 0.000588 0.0000070.000812 -0.000008
954 0.000588 0.0000180.000837 -0.000020
955 0.000588 0.0000450.000862 -0.000045
956 0.000588 0.0001030.000887 -0.000091
957 0.000588 0.0002150.000912 -0.000180
958 0.000588 0.0004140.000937 -0.000294
959 0.000588 0.0006790.000962 -0.000534
960 0.000588 0.0009640.000987 -0.000554
961 0.000613 0.0000000.000013 0.000554
962 0.000613 -0.0000000.000038 0.000534
963 0.000613 -0.0000000.000063 0.000294
964 0.000613 -0.0000000.000088 0.000180
965 0.000613 -0.0000000.000113 0.000091
966 0.000613 -0.0000000.000138 0.000045
967 0.000613 -0.0000000.000163 0.000020
968 0.000613 -0.0000000.000188 0.000008
969 0.000613 -0.0000000.000213 0.000003
970 0.000613 -0.0000000.000238 0.000001
971 0.000613 -0.0000000.000263 0.000000
972 0.000613 -0.0000000.000288 0.000000
973 0.000613 -0.0000000.000313 0.000000
974 0.000613 -0.0000000.000338 0.000000
975 0.000613 -0.0000000.000363 0.000000
976 0.000613 -0.0000000.000388 0.000000
977 0.000613 -0.0000000.000413 0.000000
978 0.000613 -0.0000000.000438 -0.000000
979 0.000613 -0.0000000.000463 -0.000000
980 0.000613 -0.0000000.000488 -0.000000
981 0.000613 -0.0000000.000513 0.000000
982 0.000613 -0.0000000.000538 -0.000000
983 0.000613 -0.0000000.000562 0.000000
984 0.000613 -0.0000000.000587 0.000000
985 0.000613 -0.0000000.000613 -0.000000
986 0.000613 0.0000000.000638 -0.000000
987 0.000613 0.0000000.000663 -0.000000
988 0.000613 0.0000000.000687 -0.000000
989 0.000613 0.0000000.000713 -0.000000
990 0.000613 0.0000000.000738 -0.000000
991 0.000613 0.0000010.000762 -0.000001
992 0.000613 0.0000020.000787 -0.000003
993 0.000613 0.0000070.000812 -0.000008
994 0.000613 0.0000180.000837 -0.000020
995 0.000613 0.0000450.000862 -0.000045
996 0.000613 0.0001030.000887 -0.000091
997 0.000613 0.0002150.000912 -0.000180
998 0.000613 0.0004140.000937 -0.000294
999 0.000613 0.0006790.000962 -0.000534
1000 0.000613 0.0009640.000987 -0.000554
1001 0.000638 -0.0000000.000013 0.000554
1002 0.000638 -0.0000000.000038 0.000534
1003 0.000638 -0.0000000.000063 0.000294
1004 0.000638 -0.0000000.000088 0.000180
1005 0.000638 -0.0000000.000113 0.000091
1006 0.000638 -0.0000000.000138 0.000045
1007 0.000638 -0.0000000.000163 0.000020
1008 0.000638 -0.0000000.000188 0.000008
1009 0.000638 -0.0000000.000213 0.000003
1010 0.000638 -0.0000000.000238 0.000001
1011 0.000638 -0.0000000.000263 0.000000
1012 0.000638 -0.0000000.000288 0.000000
1013 0.000638 -0.0000000.000313 0.000000
1014 0.000638 -0.0000000.000338 0.000000
1015 0.000638 -0.0000000.000363 0.000000
1016 0.000638 -0.0000000.000388 0.000000
1017 0.000638 -0.0000000.000413 0.000000
1018 0.000638 -0.0000000.000438 -0.000000
1019 0.000638 -0.0000000.000463 -0.000000
1020 0.000638 -0.0000000.000488 -0.000000
1021 0.000638 -0.0000000.000513 0.000000
1022 0.000638 -0.0000000.000538 -0.000000
1023 0.000638 -0.0000000.000562 0.000000
1024 0.000638 -0.0000000.000587 0.000000
1025 0.000638 -0.0000000.000613 -0.000000
1026 0.000638 -0.0000000.000638 -0.000000
1027 0.000638 0.0000000.000663 -0.000000
1028 0.000638 0.0000000.000687 -0.000000
1029 0.000638 0.0000000.000713 -0.000000
1030 0.000638 0.0000000.000738 -0.000000
1031 0.000638 0.0000010.000762 -0.000001
1032 0.000638 0.0000020.000787 -0.000003
1033 0.000638 0.0000070.000812 -0.000008
1034 0.000638 0.0000180.000837 -0.000020
1035 0.000638 0.0000450.000862 -0.000045
1036 0.000638 0.0001030.000887 -0.000091
1037 0.000638 0.0002150.000912 -0.000180
1038 0.000638 0.0004140.000937 -0.000294
1039 0.000638 0.0006790.000962 -0.000534
1040 0.000638 0.0009640.000987 -0.000554
1041 0.000663 -0.0000000.000013 0.000554
1042 0.000663 -0.0000000.000038 0.000534
1043 0.000663 -0.0000000.000063 0.000294
1044 0.000663 -0.0000000.000088 0.000180
1045 0.000663 -0.0000000.000113 0.000091
1046 0.000663 -0.0000000.000138 0.000045
1047 0.000663 -0.0000000.000163 0.000020
1048 0.000663 -0.0000000.000188 0.000008
1049 0.000663 -0.0000000.000213 0.000003
1050 0.000663 -0.0000000.000238 0.000001
1051 0.000663 -0.0000000.000263 0.000000
1052 0.000663 -0.0000000.000288 0.000000
1053 0.000663 -0.0000000.000313 0.000000
1054 0.000663 -0.0000000.000338 0.000000
1055 0.000663 -0.0000000.000363 0.000000
1056 0.000663 -0.0000000.000388 0.000000
1057 0.000663 -0.0000000.000413 0.000000
1058 0.000663 -0.0000000.000438 -0.000000
1059 0.000663 -0.0000000.000463 -0.000000
1060 0.000663 -0.0000000.000488 -0.000000
1061 0.000663 -0.0000000.000513 0.000000
1062 0.000663 -0.0000000.000538 -0.000000
1063 0.000663 -0.0000000.000562 0.000000
1064 0.000663 -0.0000000.000587 0.000000
1065 0.000663 -0.0000000.000613 -0.000000
1066 0.000663 -0.0000000.000638 -0.000000
1067 0.000663 -0.0000000.000663 -0.000000
1068 0.000663 0.0000000.000687 -0.000000
1069 0.000663 0.0000000.000713 -0.000000
1070 0.000663 0.0000000.000738 -0.000000
1071 0.000663 0.0000010.000762 -0.000001
1072 0.000663 0.0000020.000787 -0.000003
1073 0.000663 0.0000070.000812 -0.000008
1074 0.000663 0.0000180.000837 -0.000020
1075 0.000663 0.0000450.000862 -0.000045
1076 0.000663 0.0001030.000887 -0.000091
1077 0.000663 0.0002150.000912 -0.000180
1078 0.000663 0.0004140.000937 -0.000294
1079 0.000663 0.0006790.000962 -0.000534
1080 0.000663 0.0009640.000987 -0.000554
1081 0.000687 -0.0000000.000013 0.000554
1082 0.000687 -0.0000000.000038 0.000534
1083 0.000687 -0.0000000.000063 0.000294
1084 0.000687 -0.0000000.000088 0.000180
1085 0.000687 -0.0000000.000113 0.000091
1086 0.000687 -0.0000000.000138 0.000045
1087 0.000687 -0.0000000.000163 0.000020
1088 0.000687 -0.0000000.000188 0.000008
1089 0.000687 -0.0000000.000213 0.000003
1090 0.000687 -0.0000000.000238 0.000001
1091 0.000687 -0.0000000.000263 0.000000
1092 0.000687 -0.0000000.000288 0.000000
1093 0.000687 -0.0000000.000313 0.000000
1094 0.000687 -0.0000000.000338 0.000000
1095 0.000687 -0.0000000.000363 0.000000
1096 0.000687 -0.0000000.000388 0.000000
1097 0.000687 -0.0000000.000413 0.000000
1098 0.000687 -0.0000000.000438 -0.000000
1099 0.000687 -0.0000000.000463 -0.000000
1100 0.000687 -0.0000000.000488 -0.000000
1101 0.000687 -0.0000000.000513 0.000000
1102 0.000687 -0.0000000.000538 -0.000000
1103 0.000687 -0.0000000.000562 0.000000
1104 0.000687 -0.0000000.000587 0.000000
1105 0.000687 -0.0000000.000613 -0.000000
1106 0.000687 -0.0000000.000638 -0.000000
1107 0.000687 -0.0000000.000663 -0.000000
1108 0.000687 -0.0000000.000687 -0.000000
1109 0.000687 0.0000000.000713 -0.000000
1110 0.000687 0.0000000.000738 -0.000000
1111 0.000688 0.0000010.000762 -0.000001
1112 0.000688 0.0000020.000787 -0.000003
1113 0.000688 0.0000070.000812 -0.000008
1114 0.000688 0.0000180.000837 -0.000020
1115 0.000688 0.0000450.000862 -0.000045
1116 0.000688 0.0001030.000887 -0.000091
1117 0.000688 0.0002150.000912 -0.000180
1118 0.000688 0.0004140.000937 -0.000294
1119 0.000688 0.0006790.000962 -0.000534
1120 0.000688 0.0009640.000987 -0.000554
1121 0.000713 -0.0000000.000013 0.000554
1122 0.000713 -0.0000000.000038 0.000534
1123 0.000713 -0.0000000.000063 0.000294
1124 0.000713 -0.0000000.000088 0.000180
1125 0.000713 -0.0000000.000113 0.000091
1126 0.000713 -0.0000000.000138 0.000045
1127 0.000713 -0.0000000.000163 0.000020
1128 0.000713 -0.0000000.000188 0.000008
1129 0.000713 -0.0000000.000213 0.000003
1130 0.000713 -0.0000000.000238 0.000001
1131 0.000713 -0.0000000.000263 0.000000
1132 0.000713 -0.0000000.000288 0.000000
1133 0.000713 -0.0000000.000313 0.000000
1134 0.000713 -0.0000000.000338 0.000000
1135 0.000713 -0.0000000.000363 0.000000
1136 0.000713 -0.0000000.000388 0.000000
1137 0.000713 -0.0000000.000413 0.000000
1138 0.000713 -0.0000000.000438 -0.000000
1139 0.000713 -0.0000000.000463 -0.000000
1140 0.000713 -0.0000000.000488 -0.000000
1141 0.000713 -0.0000000.000513 0.000000
1142 0.000713 -0.0000000.000538 -0.000000
1143 0.000713 -0.0000000.000562 0.000000
1144 0.000713 -0.0000000.000587 0.000000
1145 0.000713 -0.0000000.000613 -0.000000
1146 0.000713 -0.0000000.000638 -0.000000
1147 0.000713 -0.0000000.000663 -0.000000
1148 0.000713 -0.0000000.000687 -0.000000
1149 0.000713 -0.0000000.000713 -0.000000
1150 0.000713 0.0000000.000738 -0.000000
1151 0.000713 0.0000010.000762 -0.000001
1152 0.000713 0.0000020.000787 -0.000003
1153 0.000713 0.0000070.000812 -0.000008
1154 0.000713 0.0000180.000837 -0.000020
1155 0.000713 0.0000440.000862 -0.000045
1156 0.000713 0.0001030.000887 -0.000091
1157 0.000713 0.0002150.000912 -0.000180
1158 0.000713 0.0004140.000937 -0.000294
1159 0.000713 0.0006780.000962 -0.000533
1160 0.000713 0.0009640.000987 -0.000554
1161 0.000738 -0.0000000.000013 0.000554
1162 0.000738 -0.0000000.000038 0.000534
1163 0.000738 -0.0000000.000063 0.000294
1164 0.000738 -0.0000000.000088 0.000180
1165 0.000738 -0.0000000.000113 0.000091
1166 0.000738 -0.0000000.000138 0.000045
1167 0.000738 -0.0000000.000163 0.000020
1168 0.000738 -0.0000000.000188 0.000008
1169 0.000738 -0.0000000.000213 0.000003
1170 0.000738 -0.0000000.000238 0.000001
1171 0.000738 -0.0000000.000263 0.000000
1172 0.000738 -0.0000000.000288 0.000000
1173 0.000738 -0.0000000.000313 0.000000
1174 0.000738 -0.0000000.000338 0.000000
1175 0.000738 -0.0000000.000363 0.000000
1176 0.000738 -0.0000000.000388 0.000000
1177 0.000738 -0.0000000.000413 0.000000
1178 0.000738 -0.0000000.000438 -0.000000
1179 0.000738 -0.0000000.000463 -0.000000
1180 0.000738 -0.0000000.000488 -0.000000
1181 0.000738 -0.0000000.000513 0.000000
1182 0.000738 -0.0000000.000538 -0.000000
1183 0.000738 -0.0000000.000562 0.000000
1184 0.000738 -0.0000000.000587 0.000000
1185 0.000738 -0.0000000.000613 -0.000000
1186 0.000738 -0.0000000.000638 -0.000000
1187 0.000738 -0.0000000.000663 -0.000000
1188 0.000738 -0.0000000.000687 -0.000000
1189 0.000738 -0.0000000.000713 -0.000000
1190 0.000738 -0.0000000.000738 -0.000000
1191 0.000738 0.0000000.000762 -0.000001
1192 0.000738 0.0000020.000787 -0.000003
1193 0.000738 0.0000060.000812 -0.000008
1194 0.000738 0.0000180.000837 -0.000020
1195 0.000738 0.0000440.000862 -0.000045
1196 0.000738 0.0001020.000887 -0.000091
1197 0.000738 0.0002140.000912 -0.000180
1198 0.000738 0.0004130.000937 -0.000294
1199 0.000738 0.0006780.000962 -0.000533
1200 0.000738 0.0009640.000987 -0.000554
1201 0.000762 -0.0000000.000013 0.000554
1202 0.000762 -0.0000000.000038 0.000534
1203 0.000762 -0.0000010.000063 0.000294
1204 0.000762 -0.0000010.000088 0.000180
1205 0.000762 -0.0000010.000113 0.000091
1206 0.000762 -0.0000010.000138 0.000045
1207 0.000762 -0.0000010.000163 0.000020
1208 0.000762 -0.0000010.000188 0.000008
1209 0.000762 -0.0000010.000213 0.000003
1210 0.000762 -0.0000010.000238 0.000001
1211 0.000762 -0.0000010.000263 0.000000
1212 0.000762 -0.0000010.000288 0.000000
1213 0.000762 -0.0000010.000313 0.000000
1214 0.000762 -0.0000010.000338 0.000000
1215 0.000762 -0.0000010.000363 0.000000
1216 0.000762 -0.0000010.000388 0.000000
1217 0.000762 -0.0000010.000413 0.000000
1218 0.000762 -0.0000010.000438 -0.000000
1219 0.000762 -0.0000010.000463 -0.000000
1220 0.000762 -0.0000010.000488 -0.000000
1221 0.000762 -0.0000010.000513 0.000000
1222 0.000762 -0.0000010.000538 -0.000000
1223 0.000762 -0.0000010.000562 0.000000
1224 0.000762 -0.0000010.000587 0.000000
1225 0.000762 -0.0000010.000613 -0.000000
1226 0.000762 -0.0000010.000638 -0.000000
1227 0.000762 -0.0000010.000663 -0.000000
1228 0.000762 -0.0000010.000687 -0.000000
1229 0.000762 -0.0000010.000713 -0.000000
1230 0.000762 -0.0000010.000738 -0.000000
1231 0.000762 -0.0000000.000762 -0.000001
1232 0.000763 0.0000010.000787 -0.000003
1233 0.000763 0.0000060.000812 -0.000008
1234 0.000763 0.0000170.000837 -0.000020
1235 0.000763 0.0000430.000862 -0.000045
1236 0.000763 0.0001020.000887 -0.000091
1237 0.000763 0.0002140.000912 -0.000180
1238 0.000763 0.0004130.000937 -0.000294
1239 0.000763 0.0006780.000962 -0.000533
1240 0.000763 0.0009640.000987 -0.000554
1241 0.000788 -0.0000000.000013 0.000554
1242 0.000787 -0.0000010.000038 0.000533
1243 0.000787 -0.0000020.000063 0.000293
1244 0.000787 -0.0000020.000088 0.000180
1245 0.000787 -0.0000030.000113 0.000091
1246 0.000787 -0.0000030.000138 0.000044
1247 0.000787 -0.0000030.000163 0.000020
1248 0.000787 -0.0000030.000188 0.000008
1249 0.000787 -0.0000030.000213 0.000003
1250 0.000787 -0.0000030.000238 0.000001
1251 0.000787 -0.0000030.000263 0.000000
1252 0.000787 -0.0000030.000288 0.000000
1253 0.000787 -0.0000030.000313 0.000000
1254 0.000787 -0.0000030.000338 0.000000
1255 0.000787 -0.0000030.000363 0.000000
1256 0.000787 -0.0000030.000388 0.000000
1257 0.000787 -0.0000030.000413 0.000000
1258 0.000787 -0.0000030.000438 -0.000000
1259 0.000787 -0.0000030.000463 -0.000000
1260 0.000787 -0.0000030.000488 -0.000000
1261 0.000787 -0.0000030.000513 0.000000
1262 0.000787 -0.0000030.000538 -0.000000
1263 0.000787 -0.0000030.000562 0.000000
1264 0.000787 -0.0000030.000587 0.000000
1265 0.000787 -0.0000030.000613 -0.000000
1266 0.000787 -0.0000030.000638 -0.000000
1267 0.000787 -0.0000030.000663 -0.000000
1268 0.000787 -0.0000030.000687 -0.000000
1269 0.000787 -0.0000030.000713 -0.000000
1270 0.000787 -0.0000030.000738 -0.000000
1271 0.000787 -0.0000020.000762 -0.000001
1272 0.000787 -0.0000010.000787 -0.000003
1273 0.000788 0.0000040.000812 -0.000008
1274 0.000788 0.0000150.000837 -0.000020
1275 0.000788 0.0000420.000862 -0.000044
1276 0.000788 0.0001000.000887 -0.000091
1277 0.000788 0.0002120.000912 -0.000180
1278 0.000788 0.0004120.000937 -0.000293
1279 0.000788 0.0006770.000962 -0.000533
1280 0.000788 0.0009640.000987 -0.000554
1281 0.000813 -0.0000000.000013 0.000554
1282 0.000812 -0.0000020.000038 0.000533
1283 0.000812 -0.0000040.000063 0.000293
1284 0.000812 -0.0000060.000088 0.000179
1285 0.000812 -0.0000070.000113 0.000091
1286 0.000812 -0.0000080.000138 0.000044
1287 0.000812 -0.0000080.000163 0.000019
1288 0.000812 -0.0000080.000188 0.000008
1289 0.000812 -0.0000080.000213 0.000003
1290 0.000812 -0.0000080.000238 0.000001
1291 0.000812 -0.0000080.000263 0.000000
1292 0.000812 -0.0000080.000288 0.000000
1293 0.000812 -0.0000080.000313 0.000000
1294 0.000812 -0.0000080.000338 0.000000
1295 0.000812 -0.0000080.000363 0.000000
1296 0.000812 -0.0000080.000388 0.000000
1297 0.000812 -0.0000080.000413 0.000000
1298 0.000812 -0.0000080.000438 -0.000000
1299 0.000812 -0.0000080.000463 -0.000000
1300 0.000812 -0.0000080.000488 -0.000000
1301 0.000812 -0.0000080.000513 0.000000
1302 0.000812 -0.0000080.000538 -0.000000
1303 0.000812 -0.0000080.000562 0.000000
1304 0.000812 -0.0000080.000587 0.000000
1305 0.000812 -0.0000080.000613 -0.000000
1306 0.000812 -0.0000080.000638 -0.000000
1307 0.000812 -0.0000080.000663 -0.000000
1308 0.000812 -0.0000080.000687 -0.000000
1309 0.000812 -0.0000080.000713 -0.000000
1310 0.000812 -0.0000080.000738 -0.000000
1311 0.000812 -0.0000070.000762 -0.000001
1312 0.000812 -0.0000060.000787 -0.000003
1313 0.000812 -0.0000020.000812 -0.000008
1314 0.000813 0.0000100.000837 -0.000019
1315 0.000813 0.0000370.000862 -0.000044
1316 0.000813 0.0000950.000887 -0.000090
1317 0.000813 0.0002080.000912 -0.000179
1318 0.000813 0.0004090.000937 -0.000292
1319 0.000813 0.0006760.000962 -0.000532
1320 0.000813 0.0009640.000987 -0.000554
1321 0.000837 -0.0000010.000013 0.000554
1322 0.000837 -0.0000060.000038 0.000531
1323 0.000837 -0.0000110.000063 0.000291
1324 0.000837 -0.0000150.000088 0.000178
1325 0.000837 -0.0000170.000113 0.000090
1326 0.000837 -0.0000180.000138 0.000044
1327 0.000837 -0.0000190.000163 0.000019
1328 0.000837 -0.0000190.000188 0.000008
1329 0.000837 -0.0000200.000213 0.000003
1330 0.000837 -0.0000200.000238 0.000001
1331 0.000837 -0.0000200.000263 0.000000
1332 0.000837 -0.0000200.000288 0.000000
1333 0.000837 -0.0000200.000313 0.000000
1334 0.000837 -0.0000200.000338 0.000000
1335 0.000837 -0.0000200.000363 0.000000
1336 0.000837 -0.0000200.000388 0.000000
1337 0.000837 -0.0000200.000413 -0.000000
1338 0.000837 -0.0000200.000438 -0.000000
1339 0.000837 -0.0000200.000463 -0.000000
1340 0.000837 -0.0000200.000488 -0.000000
1341 0.000837 -0.0000200.000513 0.000000
1342 0.000837 -0.0000200.000538 -0.000000
1343 0.000837 -0.0000200.000562 0.000000
1344 0.000837 -0.0000200.000587 0.000000
1345 0.000837 -0.0000200.000613 -0.000000
1346 0.000837 -0.0000200.000638 -0.000000
1347 0.000837 -0.0000200.000663 -0.000000
1348 0.000837 -0.0000200.000687 -0.000000
1349 0.000837 -0.0000200.000713 -0.000000
1350 0.000837 -0.0000190.000738 -0.000000
1351 0.000837 -0.0000190.000762 -0.000001
1352 0.000837 -0.0000170.000787 -0.000003
1353 0.000837 -0.0000130.000812 -0.000008
1354 0.000837 -0.0000020.000837 -0.000019
1355 0.000838 0.0000250.000862 -0.000043
1356 0.000838 0.0000840.000887 -0.000089
1357 0.000838 0.0001980.000912 -0.000177
1358 0.000838 0.0004010.000937 -0.000290
1359 0.000838 0.0006710.000962 -0.000530
1360 0.000838 0.0009640.000987 -0.000553
1361 0.000862 -0.0000020.000013 0.000553
1362 0.000862 -0.0000140.000038 0.000527
1363 0.000862 -0.0000260.000063 0.000287
1364 0.000862 -0.0000340.000088 0.000174
1365 0.000862 -0.0000390.000113 0.000087
1366 0.000862 -0.0000420.000138 0.000042
1367 0.000862 -0.0000440.000163 0.000018
1368 0.000862 -0.0000440.000188 0.000008
1369 0.000862 -0.0000440.000213 0.000003
1370 0.000862 -0.0000450.000238 0.000001
1371 0.000862 -0.0000450.000263 0.000000
1372 0.000862 -0.0000450.000288 0.000000
1373 0.000862 -0.0000450.000313 0.000000
1374 0.000862 -0.0000450.000338 0.000000
1375 0.000862 -0.0000450.000363 0.000000
1376 0.000862 -0.0000450.000388 0.000000
1377 0.000862 -0.0000450.000413 -0.000000
1378 0.000862 -0.0000450.000438 -0.000000
1379 0.000862 -0.0000450.000463 -0.000000
1380 0.000862 -0.0000450.000488 -0.000000
1381 0.000862 -0.0000450.000513 0.000000
1382 0.000862 -0.0000450.000538 -0.000000
1383 0.000862 -0.0000450.000562 0.000000
1384 0.000862 -0.0000450.000587 0.000000
1385 0.000862 -0.0000450.000613 -0.000000
1386 0.000862 -0.0000450.000638 -0.000000
1387 0.000862 -0.0000450.000663 -0.000000
1388 0.000862 -0.0000450.000687 -0.000000
1389 0.000862 -0.0000450.000713 -0.000000
1390 0.000862 -0.0000440.000738 -0.000000
1391 0.000862 -0.0000440.000762 -0.000001
1392 0.000862 -0.0000420.000787 -0.000003
1393 0.000862 -0.0000380.000812 -0.000008
1394 0.000862 -0.0000270.000837 -0.000018
1395 0.000862 0.0000000.000862 -0.000042
1396 0.000863 0.0000600.000887 -0.000087
1397 0.000863 0.0001750.000912 -0.000173
1398 0.000863 0.0003820.000937 -0.000285
1399 0.000863 0.0006600.000962 -0.000524
1400 0.000863 0.0009620.000987 -0.000552
1401 0.000887 -0.0000030.000013 0.000550
1402 0.000887 -0.0000310.000038 0.000517
1403 0.000887 -0.0000550.000063 0.000277
1404 0.000887 -0.0000730.000088 0.000167
1405 0.000887 -0.0000820.000113 0.000082
1406 0.000887 -0.0000870.000138 0.000039
1407 0.000887 -0.0000900.000163 0.000017
1408 0.000887 -0.0000910.000188 0.000007
1409 0.000887 -0.0000910.000213 0.000003
1410 0.000887 -0.0000910.000238 0.000001
1411 0.000887 -0.0000910.000263 0.000000
1412 0.000887 -0.0000910.000288 0.000000
1413 0.000887 -0.0000910.000313 0.000000
1414 0.000887 -0.0000910.000338 0.000000
1415 0.000887 -0.0000910.000363 0.000000
1416 0.000887 -0.0000910.000388 0.000000
1417 0.000887 -0.0000910.000413 0.000000
1418 0.000887 -0.0000910.000438 -0.000000
1419 0.000887 -0.0000910.000463 -0.000000
1420 0.000887 -0.0000910.000488 -0.000000
1421 0.000887 -0.0000910.000513 0.000000
1422 0.000887 -0.0000910.000538 -0.000000
1423 0.000887 -0.0000910.000562 0.000000
1424 0.000887 -0.0000910.000587 0.000000
1425 0.000887 -0.0000910.000613 -0.000000
1426 0.000887 -0.0000910.000638 -0.000000
1427 0.000887 -0.0000910.000663 -0.000000
1428 0.000887 -0.0000910.000687 -0.000000
1429 0.000887 -0.0000910.000713 -0.000000
1430 0.000887 -0.0000910.000738 -0.000000
1431 0.000887 -0.0000910.000762 -0.000001
1432 0.000887 -0.0000890.000787 -0.000003
1433 0.000887 -0.0000850.000812 -0.000007
1434 0.000887 -0.0000740.000837 -0.000017
1435 0.000887 -0.0000470.000862 -0.000039
1436 0.000888 0.0000120.000887 -0.000081
1437 0.000888 0.0001290.000912 -0.000163
1438 0.000888 0.0003430.000937 -0.000271
1439 0.000888 0.0006350.000962 -0.000510
1440 0.000888 0.0009600.000987 -0.000546
1441 0.000912 -0.0000060.000013 0.000544
1442 0.000912 -0.0000680.000038 0.000497
1443 0.000912 -0.0001180.000063 0.000256
1444 0.000912 -0.0001510.000088 0.000151
1445 0.000912 -0.0001670.000113 0.000073
1446 0.000912 -0.0001740.000138 0.000034
1447 0.000912 -0.0001780.000163 0.000015
1448 0.000912 -0.0001790.000188 0.000006
1449 0.000912 -0.0001800.000213 0.000002
1450 0.000912 -0.0001800.000238 0.000001
1451 0.000912 -0.0001800.000263 0.000000
1452 0.000912 -0.0001800.000288 0.000000
1453 0.000912 -0.0001800.000313 0.000000
1454 0.000912 -0.0001800.000338 0.000000
1455 0.000912 -0.0001800.000363 0.000000
1456 0.000912 -0.0001800.000388 0.000000
1457 0.000912 -0.0001800.000413 -0.000000
1458 0.000912 -0.0001800.000438 -0.000000
1459 0.000912 -0.0001800.000463 -0.000000
1460 0.000912 -0.0001800.000488 -0.000000
1461 0.000912 -0.0001800.000513 0.000000
1462 0.000912 -0.0001800.000538 -0.000000
1463 0.000912 -0.0001800.000562 0.000000
1464 0.000912 -0.0001800.000587 0.000000
1465 0.000912 -0.0001800.000613 -0.000000
1466 0.000912 -0.0001800.000638 -0.000000
1467 0.000912 -0.0001800.000663 -0.000000
1468 0.000912 -0.0001800.000687 -0.000000
1469 0.000912 -0.0001800.000713 -0.000000
1470 0.000912 -0.0001800.000738 -0.000000
1471 0.000912 -0.0001800.000762 -0.000001
1472 0.000912 -0.0001780.000787 -0.000002
1473 0.000912 -0.0001740.000812 -0.000006
1474 0.000912 -0.0001640.000837 -0.000014
1475 0.000912 -0.0001390.000862 -0.000033
1476 0.000912 -0.0000830.000887 -0.000070
1477 0.000913 0.0000330.000912 -0.000144
1478 0.000913 0.0002550.000937 -0.000243
1479 0.000913 0.0005740.000962 -0.000478
1480 0.000913 0.0009510.000987 -0.000532
1481 0.000937 -0.0000090.000013 0.000515
1482 0.000937 -0.0001260.000038 0.000433
1483 0.000937 -0.0002070.000063 0.000207
1484 0.000937 -0.0002560.000088 0.000118
1485 0.000937 -0.0002770.000113 0.000055
1486 0.000937 -0.0002870.000138 0.000026
1487 0.000937 -0.0002910.000163 0.000011
1488 0.000937 -0.0002930.000188 0.000004
1489 0.000937 -0.0002930.000213 0.000002
1490 0.000937 -0.0002940.000238 0.000001
1491 0.000937 -0.0002940.000263 0.000000
1492 0.000937 -0.0002940.000288 0.000000
1493 0.000937 -0.0002940.000313 0.000000
1494 0.000937 -0.0002940.000338 0.000000
1495 0.000937 -0.0002940.000363 0.000000
1496 0.000937 -0.0002940.000388 0.000000
1497 0.000937 -0.0002940.000413 -0.000000
1498 0.000937 -0.0002940.000438 -0.000000
1499 0.000937 -0.0002940.000463 -0.000000
1500 0.000937 -0.0002940.000488 -0.000000
1501 0.000937 -0.0002940.000513 0.000000
1502 0.000937 -0.0002940.000538 -0.000000
1503 0.000937 -0.0002940.000562 0.000000
1504 0.000937 -0.0002940.000587 0.000000
1505 0.000937 -0.0002940.000613 -0.000000
1506 0.000937 -0.0002940.000638 -0.000000
1507 0.000937 -0.0002940.000663 -0.000000
1508 0.000937 -0.0002940.000687 -0.000000
1509 0.000937 -0.0002940.000713 -0.000000
1510 0.000937 -0.0002940.000738 -0.000000
1511 0.000937 -0.0002930.000762 -0.000001
1512 0.000937 -0.0002920.000787 -0.000002
1513 0.000937 -0.0002890.000812 -0.000004
1514 0.000937 -0.0002810.000837 -0.000010
1515 0.000937 -0.0002610.000862 -0.000024
1516 0.000937 -0.0002130.000887 -0.000051
1517 0.000937 -0.0001110.000912 -0.000106
1518 0.000938 0.0001060.000937 -0.000182
1519 0.000938 0.0004520.000962 -0.000392
1520 0.000938 0.0009250.000987 -0.000480
1521 0.000962 -0.0000500.000013 0.000460
1522 0.000962 -0.0003260.000038 0.000326
1523 0.000962 -0.0004330.000063 0.000126
1524 0.000962 -0.0004970.000088 0.000068
1525 0.000962 -0.0005170.000113 0.000031
1526 0.000962 -0.0005270.000138 0.000014
1527 0.000962 -0.0005310.000163 0.000006
1528 0.000962 -0.0005330.000188 0.000002
1529 0.000962 -0.0005330.000213 0.000001
1530 0.000962 -0.0005330.000238 0.000000
1531 0.000962 -0.0005340.000263 0.000000
1532 0.000962 -0.0005340.000288 0.000000
1533 0.000962 -0.0005340.000313 0.000000
1534 0.000962 -0.0005340.000338 0.000000
1535 0.000962 -0.0005340.000363 0.000000
1536 0.000962 -0.0005340.000388 0.000000
1537 0.000962 -0.0005340.000413 -0.000000
1538 0.000962 -0.0005340.000438 -0.000000
1539 0.000962 -0.0005340.000463 -0.000000
1540 0.000962 -0.0005340.000488 -0.000000
1541 0.000962 -0.0005340.000513 0.000000
1542 0.000962 -0.0005340.000538 -0.000000
1543 0.000962 -0.0005340.000562 0.000000
1544 0.000962 -0.0005340.000587 0.000000
1545 0.000962 -0.0005340.000613 -0.000000
1546 0.000962 -0.0005340.000638 -0.000000
1547 0.000962 -0.0005340.000663 -0.000000
1548 0.000962 -0.0005340.000687 -0.000000
1549 0.000962 -0.0005340.000713 -0.000000
1550 0.000962 -0.0005340.000738 -0.000000
1551 0.000962 -0.0005330.000762 -0.000000
1552 0.000962 -0.0005330.000787 -0.000001
1553 0.000962 -0.0005310.000812 -0.000002
1554 0.000962 -0.0005260.000837 -0.000005
1555 0.000962 -0.0005130.000862 -0.000011
1556 0.000962 -0.0004820.000887 -0.000023
1557 0.000962 -0.0004130.000912 -0.000047
1558 0.000962 -0.0002360.000937 -0.000079
1559 0.000963 0.0000890.000962 -0.000206
1560 0.000963 0.0007750.000987 -0.000326
1561 0.000987 -0.0000790.000013 0.000079
1562 0.000987 -0.0004600.000038 0.000050
1563 0.000987 -0.0005150.000063 0.000009
1564 0.000987 -0.0005440.000088 0.000006
1565 0.000987 -0.0005500.000113 0.000003
1566 0.000987 -0.0005530.000138 0.000002
1567 0.000987 -0.0005540.000163 0.000001
1568 0.000987 -0.0005540.000188 0.000000
1569 0.000987 -0.0005540.000213 0.000000
1570 0.000987 -0.0005540.000238 0.000000
1571 0.000987 -0.0005540.000263 0.000000
1572 0.000987 -0.0005540.000288 0.000000
1573 0.000987 -0.0005540.000313 0.000000
1574 0.000987 -0.0005540.000338 -0.000000
1575 0.000987 -0.0005540.000363 0.000000
1576 0.000987 -0.0005540.000388 0.000000
1577 0.000987 -0.0005540.000413 -0.000000
1578 0.000987 -0.0005540.000438 -0.000000
1579 0.000987 -0.0005540.000463 -0.000000
1580 0.000987 -0.0005540.000488 0.000000
1581 0.000987 -0.0005540.000513 0.000000
1582 0.000987 -0.0005540.000538 -0.000000
1583 0.000987 -0.0005540.000562 0.000000
1584 0.000987 -0.0005540.000587 -0.000000
1585 0.000987 -0.0005540.000613 0.000000
1586 0.000987 -0.0005540.000638 -0.000000
1587 0.000987 -0.0005540.000663 -0.000000
1588 0.000987 -0.0005540.000687 -0.000000
1589 0.000987 -0.0005540.000713 -0.000000
1590 0.000987 -0.0005540.000738 -0.000000
1591 0.000987 -0.0005540.000762 -0.000000
1592 0.000987 -0.0005540.000788 -0.000000
1593 0.000987 -0.0005540.000813 -0.000000
1594 0.000987 -0.0005530.000838 -0.000000
1595 0.000987 -0.0005510.000863 -0.000000
1596 0.000987 -0.0005460.000888 0.000001
1597 0.000987 -0.0005330.000913 0.000008
1598 0.000987 -0.0004740.000938 0.000028
1599 0.000987 -0.0002930.000963 0.000073
1600 0.000988 0.0005110.000987 -0.000000
